runId,reqId,mode,pipeline,provider,model,repeatIndex,promptVersion,testId,title,gherkin,rationale,usedSourceIds,usedContextItems,evidenceSources,targetTitle,targetBody,evidenceText,generationSummary,resolvedOperativeContext,resolvedExceptions,resolvedConflictsOrObsolete,resolvedGapsOrUncertainties,resolvedEvidenceIds,resolutionNotes,injectedOperativeCount,injectedExceptionsCount,injectedConflictsCount,injectedGapsCount
1cb52207,R6,hybrid,full,anthropic,claude-haiku-4-5-20251001,2,2026-07-03.v3,R6_1,Automatic deletion of Pending account after 30 days,"Feature: Pending Account Cleanup
  Scenario: System automatically deletes Pending account after 30 days
    Given a user account is in Pending status
    And the account was created 30 days ago
    When the cleanup job runs
    Then the account should be deleted from the system
    And the account should no longer be retrievable",Core requirement from PRIMARY evidence E1 and E4: System shall automatically delete any user account that remains in Pending status for more than 30 days. This is the primary functional requirement for R6.,E1|E4,System shall automatically delete any user account that remains in Pending status for more than 30 days,0013387e34dddff9|0374b1fefbab130e|1531165a3c8df366|1d3d27d1a24b72f0|1da852dd7949b438|22d80e39745d1186|2b468c2425caf512|2f105702c1c1c3f3|2fb79f7446b24909|39e8811963c4099a|44723706e3ff4356|56489466fbfffbaa|66d61fc1f995d676|69182d61c773aadd|6c5380267c218234|7306d641eb9b0bb2|854f7de27dc6118d|8f047482d7206346|8f9c14a11698d93e|9437222564f7ac64|9694bf5bcf380db0|9978dc0dcd43a512|A44|A5|A8|C1|G1|G63|G93c|I3|I4|R6|a4a287abb143e79a|beb42617cfc95144|c9549ababe52be5f|cb19aeaad55d5a74|d1f9814887e95dcd|dbdfe9579474ba43|e633209b9a702ede|e6716dab172b3183|e6fe5b64787f87a6|ebea956274025791|f5347fc41dbe1de1,Pending-account cleanup,Pending-account cleanup,"[1] source=R6 type=Requirement/SrcChunk hops=0 chunk=66d61fc1f995d676 doc=JIRA-Auth.md rel=TARGET
 {
        ""author"": ""QA Engineer Marta"",
        ""timestamp"": ""2026-02-16T10:41:00Z"",
        ""text"": ""This contradicts the SRS requirement that email must be unique. Please confirm expected behavior.""
      }
    ]
  },
  {
  ""ticket_id"": ""JIRA-Auth-112"",
  ""summary"": ""Registration - Auto-cleanup for unactivated accounts and Data Retention"",
  ""description"": ""To comply with data minimization principles, the system shall automatically delete any user account that remains in 'Pending' status for more than 30 days. All associated personal data must be removed, except for minimal audit logs required by the retention policy."",
  ""comments"": [
    {
      ""author"": ""PM Peter"",
      ""timestamp"": ""2026-02-16T12:05:00Z"",
      ""text"": ""This is an enhancement beyond the initial SRS but aligns with GDPR data minimization.""
    },
    {
      ""author"": ""QA Engineer Marta"",
      ""timestamp"": ""2026-02-16T13:45:00Z"",
      ""text"": ""Logic Gap: If we delete the account after 30 days, what happens to the activation link sent in CONF-AUTH-01 1.5? The link has no expiry in the docs. We need to ensure the link doesn't trigger a 500 error on a non-existent account.""
    },
    {
      ""author"": ""Sec

[2] source=R6 type=Requirement/SrcChunk hops=0 chunk=2b468c2425caf512 doc=CONF-AUTH-01.md rel=TARGET
ystem shall set the account status to Pending upon successful registration and before email verification.
## 1.4.4 The system shall set the account status to Active after successful email verification.
## 1.4.5 The system shall allow the system administrator to change the account status to Suspended.
## 1.4.6 The system shall prevent Suspended accounts from authenticating and accessing the platform.
## 1.4.7 The system shall allow the system administrator to reactivate Suspended accounts by setting the status to Active.
## 1.4.8 The system shall allow the system administrator to set the account status to Deleted.
## 1.4.9 The system shall prevent Deleted accounts from authenticating and accessing the platform.
## 1.4.10 The system shall retain account data for Deleted accounts according to the data retention policy.
## 1.4.11 The system shall ensure that account status changes take effect immediately.

## 1.5. Session Management
## 1.5.1 The system shall create an authenticated session upon successful user authentication.
## 1.5.2 The system shall associate each session with a specific user account.
## 1.5.3 The system shall allow authenticated users to access protected resources o

[3] source=R6 type=Requirement hops=0 rel=TARGET
Pending-account cleanup

[4] source=R6 type=Requirement/SrcChunk hops=0 chunk=2fb79f7446b24909 doc=JIRA-Auth.md rel=TARGET
o the activation link sent in CONF-AUTH-01 1.5? The link has no expiry in the docs. We need to ensure the link doesn't trigger a 500 error on a non-existent account.""
    },
    {
      ""author"": ""Security Engineer Viktor"",
      ""timestamp"": ""2026-02-17T10:10:00Z"",
      ""text"": ""Clarification Needed: When a user manually requests account deletion, should it be immediate, or do we provide a 14-day 'grace period' for recovery before the permanent wipe?""
    }
  ]
},
  {
    ""ticket_id"": ""JIRA-Auth-113"",
    ""summary"": ""Registration - Password policy enforcement"",
    ""description"": ""Enforce password policy rules during registration and prevent weak passwords."",
    ""comments"": [
      {
        ""author"": ""Security Engineer Viktor"",
        ""timestamp"": ""2026-02-16T13:12:00Z"",
        ""text"": ""Missing details: minimum length, complexity requirements, common password blacklist, and whether passphrases are allowed.""
      }
    ],
    ""attachments"": [""EMAIL_CTO_Security_Update.txt""]
  },
{
  ""ticket_id"": ""JIRA-Auth-114"",
  ""summary"": ""Allow registration without phone number"",
  ""description"": ""Some users are reluctant to provide their phone number during registration. Consider making 

[5] source=I4 type=Implementation/SrcChunk hops=1 chunk=8f9c14a11698d93e doc=CONF-AUTH-01.md rel=REFINES
# Documentum ID: TOOLCHAIN-CONF-AUTH-01
# Description: User account registration and lifecycle management
# Status: Effective (v1.0)

## 1 User account registration and lifecycle management

## 1.1 User registration and account activation
## 1.1.1 The user must register in order to access the platform.
## 1.1.2. During registration, the system shall require the user to provide the following mandatory information: first name, last name, phone number, email address
## 1.1.3. The system shall validate that the provided email address is unique and not already associated with an existing account.
## 1.1.4. Upon successful submission of the registration form, the system shall create a new user account with a status of Pending.
## 1.1.5. The system shall send an account activation email to the provided email address containing a unique activation link.
## 1.1.6. The user must activate their account by accessing the activation link.
## 1.1.7. The system shall verify the validity of the activation link.
## 1.1.8. Upon successful activation, the system shall update the account status to Active.
## 1.1.9. The system shall not allow authentication or platform access for accounts that are not i

[6] source=G63 type=Gap/SrcChunk hops=2 chunk=cc00a9173697dc7d doc=JIRA-Payment.md rel=IN_DOC > IN_DOC
[
  {
    ""ticket_id"": ""JIRA-PAY-601"",
    ""summary"": ""Pricing Configuration Service"",
    ""description"": ""Implement the pricing configuration layer so authorized users can define rental pricing structures and apply them consistently to rentable items without retroactively changing already established rental records."",
    ""status"": ""Closed""
  },
  {
    ""ticket_id"": ""JIRA-PAY-602"",
    ""summary"": ""Price Calculation and Precision"",
    ""description"": ""Implement rental cost calculation based on duration and pricing rules, and make sure the resulting amount is derived consistently across calculation, storage, and user-facing display. International billing and currency presentation should be treated as a related operational concern, but must not silently override the core pricing logic."",
    ""status"": ""In Progress"",
    ""comments"": [
      {
        ""author"": ""Developer Dave"",
        ""timestamp"": ""2026-03-01T10:00:00Z"",
        ""text"": ""The current specification defines correctness expectations for the total, but it does not fully spell out how edge-case fractions should be handled at each calculation stage. I started with a simplified approach for partial-unit handling, but this ne

[7] source=G1 type=Gap/SrcChunk hops=1 chunk=1d3d27d1a24b72f0 doc=JIRA-Auth.md rel=AFFECTS
that use invalid or expired activation tokens and show an appropriate error state."",
    ""comments"": []
  },
  {
  ""ticket_id"": ""JIRA-Auth-108"",
  ""summary"": ""Registration - Security hardening: Prevent email enumeration"",
  ""description"": ""To prevent attackers from discovering registered users, the registration flow must use generic responses. \n\nRequirement:\nIf a user tries to register with an email address that is already in use, the system MUST NOT display an error message stating 'Email already exists'. \nInstead, it should display a generic message: 'If this email is valid, a message has been sent to it.'"",
  ""comments"": [
    {
      ""author"": ""Security Engineer Viktor"",
      ""timestamp"": ""2026-02-16T10:00:00Z"",
      ""text"": ""This is critical for OWA (OWASP) compliance. We cannot leak user existence through the registration form.""
    }
  ]
},
  {
    ""ticket_id"": ""JIRA-Auth-109"",
    ""summary"": ""Authentication gate - Block login for non-Active accounts"",
    ""description"": ""The system shall not allow authentication or platform access for accounts that are not in Active status (e.g., Pending, Suspended, Deleted)."",
    ""comments"": []
  },
  {
    ""ticket_id"": ""JIRA-Auth-1

[8] source=G1 type=Gap hops=1 rel=AFFECTS
Activation expiry / pending cleanup gap

[9] source=I3 type=Implementation/SrcChunk hops=2 chunk=56489466fbfffbaa doc=JIRA-Auth.md rel=IN_DOC > IN_DOC
The system shall not allow authentication or platform access for accounts that are not in Active status (e.g., Pending, Suspended, Deleted)."",
    ""comments"": []
  },
  {
    ""ticket_id"": ""JIRA-Auth-110"",
    ""summary"": ""Activation token - Enforce single-use"",
    ""description"": ""Activation tokens shall be single-use. After a successful activation, the system shall invalidate the activation token immediately to prevent reuse."",
    ""comments"": []
  },
  {
    ""ticket_id"": ""JIRA-Auth-111"",
    ""summary"": ""Support registration for multiple users sharing the same email address"",
    ""description"": ""In some use cases (e.g. family accounts or shared organizational email addresses), multiple users may attempt to register using the same email address. Instead of enforcing strict email uniqueness, we may allow multiple accountsto share the same email if another identifier (such as phone number) is unique. This would require adjusting the registration validation logic."",
    ""comments"": [
      {
        ""author"": ""QA Engineer Marta"",
        ""timestamp"": ""2026-02-16T10:41:00Z"",
        ""text"": ""This contradicts the SRS requirement that email must be unique. Please confirm expected behavior

[10] source=G93c type=Gap/SrcChunk hops=2 chunk=ebea956274025791 doc=JIRA-Payment.md rel=IN_DOC > IN_DOC
ctations for the total, but it does not fully spell out how edge-case fractions should be handled at each calculation stage. I started with a simplified approach for partial-unit handling, but this needs confirmation before we freeze the behavior.""
      },
      {
        ""author"": ""QA Marta"",
        ""timestamp"": ""2026-03-01T14:00:00Z"",
        ""text"": ""Please verify the consistency of subtotal, tax, and final amount handling. A display-friendly simplification in one layer can still produce visible mismatches later if the stored and presented totals are derived differently.""
      },
      {
        ""author"": ""Developer Dave"",
        ""timestamp"": ""2026-03-04T15:00:00Z"",
        ""text"": ""UI note: finance asked for cleaner presentation in one of the pilot currency scenarios, so I explored a more compact display format there while keeping more precise values in the underlying records. We need confirmation that the user-facing total must always match the persisted billing amount exactly.""
      }
    ]
  },
  {
    ""ticket_id"": ""JIRA-PAY-603"",
    ""summary"": ""Invoice Generation Engine"",
    ""description"": ""Generate invoices for billable rental outcomes, assign stable invoice identif

[11] source=C1 type=Communication/SrcChunk hops=2 chunk=6bb3b84e337f31dc doc=JIRA-Auth.md rel=IN_DOC > IN_DOC
nd whether hyphens/accents are allowed in names.""
      },
      {
        ""author"": ""Developer Dave"",
        ""timestamp"": ""2026-02-15T14:38:00Z"",
        ""text"": ""Leading/trailing spaces will be trimmed. Hyphens and accents are allowed.""
      },
      {
        ""author"": ""QA Engineer Marta"",
        ""timestamp"": ""2026-02-16T07:16:00Z"",
        ""text"": ""Will first and last names be entered in separate fields? Will we support a middle name?""
      },
      {
        ""author"": ""PM Peter"",
        ""timestamp"": ""2026-02-16T12:58:00Z"",
        ""text"": ""First and last name are separate fields. Middle name is optional.""
      },
      {
        ""author"": ""QA Engineer Marta"",
        ""timestamp"": ""2026-02-16T16:43:00Z"",
        ""text"": ""Do we support double surnames or special characters (e.g. apostrophe in O'Connor)?""
      }
    ],
	""attachments"": [""EMAIL_LEGAL_GDPR_Compliance.txt""]
  },
  {
    ""ticket_id"": ""JIRA-Auth-102"",
    ""summary"": ""Registration - Email uniqueness validation"",
    ""description"": ""Validate that the email address provided during registration is unique and not already associated with an existing account. Uniqueness validation shall be case-insensitive."",
    ""comm

[12] source=A5 type=Actor/SrcChunk hops=2 chunk=b046296a3e9c6aab doc=JIRA-Auth.md rel=IN_DOC > IN_DOC
""description"": ""Validate that the email address provided during registration is unique and not already associated with an existing account. Uniqueness validation shall be case-insensitive."",
    ""comments"": [
      {
        ""author"": ""QA Engineer Marta"",
        ""timestamp"": ""2026-02-15T08:22:00Z"",
        ""text"": ""Should email addresses be case-sensitive when checking for uniqueness? (e.g. Test@t.com = test@t.com?)""
      }
    ]
  },
{
  ""ticket_id"": ""JIRA-Auth-103"",
  ""summary"": ""Registration - Phone number validation and normalization"",
  ""description"": ""Validate phone number format during registration and store it in normalized E.164 format. Reject invalid formats and normalize acceptable inputs."",
  ""comments"": [
    {
      ""author"": ""QA Engineer Marta"",
      ""timestamp"": ""2026-02-15T10:22:00Z"",
      ""text"": ""Please confirm whether we accept spaces, parentheses, and dashes in phone number input (e.g., +36 (30) 123-4567) and normalize it. Also, should the email address format be validated during registration?""
    },
    {
      ""author"": ""Developer Dave"",
      ""timestamp"": ""2026-02-15T11:05:00Z"",
      ""text"": ""Yes, we will accept common separators and normalize phone nu

[13] source=A8 type=Actor/SrcChunk hops=2 chunk=ce4209d8f88ab7e7 doc=JIRA-Auth.md rel=IN_DOC > IN_DOC
[
  {
    ""ticket_id"": ""JIRA-Auth-101"",
    ""summary"": ""Registration - Create account with mandatory fields"",
    ""description"": ""Implement user registration functionality. The system shall require first name, last name, phone number, email address, and password. All fields are mandatory and must be validated before submission. \n\nAdditionally, the form must include:\n1. A single 'Terms and Conditions' checkbox that represents acceptance of both the Terms of Service and Privacy Policy.\n2. A 'Submit' button that remains disabled until all mandatory fields are filled and the legal consent checkbox is checked."",
    ""comments"": [
      {
        ""author"": ""Tool Master Lesly"",
        ""timestamp"": ""2026-02-15T09:00:00Z"",
        ""text"": ""Name fields must be limited to 50 characters due to database constraints.""
      },
      {
        ""author"": ""QA Engineer Marta"",
        ""timestamp"": ""2026-02-15T09:09:00Z"",
        ""text"": ""Please clarify if leading/trailing spaces should be trimmed and whether hyphens/accents are allowed in names.""
      },
      {
        ""author"": ""Developer Dave"",
        ""timestamp"": ""2026-02-15T14:38:00Z"",
        ""text"": ""Leading/trailing spaces will be tri

[14] source=A44 type=Actor/SrcChunk hops=2 chunk=c48c34de8cf76bce doc=EMAIL_SUPPORT_Emergency_Override.txt rel=IN_DOC > IN_DOC
From: support_lead@toolchain.com
Date: 2026-02-24 15:30
Subject: Escalation: exception handling for priority customers

Hi Dev Team,

Support keeps running into cases where a high-priority customer wants to secure an item even though the system currently treats the time window as blocked because of another pending request.

Operationally, the team is asking whether specially authorized staff should be able to intervene in those cases and resolve the conflict manually, rather than forcing the customer to wait for the ordinary availability flow to clear on its own. In practice this would mean allowing a priority booking path to take precedence over weaker, not-yet-confirmed demand.

Please do not treat this as confirmed product policy yet. We need guidance on whether this should remain a support-side exception process, or whether the booking logic itself is expected to support it.

Regards,
Sarah (Support Lead)

[15] source=8f9c14a11698d93e type=SrcChunk hops=0 score=0.6735 chunk=8f9c14a11698d93e doc=CONF-AUTH-01.md rel=VECTOR_SIMILARITY
# Documentum ID: TOOLCHAIN-CONF-AUTH-01
# Description: User account registration and lifecycle management
# Status: Effective (v1.0)

## 1 User account registration and lifecycle management

## 1.1 User registration and account activation
## 1.1.1 The user must register in order to access the platform.
## 1.1.2. During registration, the system shall require the user to provide the following mandatory information: first name, last name, phone number, email address
## 1.1.3. The system shall validate that the provided email address is unique and not already associated with an existing account.
## 1.1.4. Upon successful submission of the registration form, the system shall create a new user account with a status of Pending.
## 1.1.5. The system shall send an account activation email to the provided email address containing a unique activation link.
## 1.1.6. The user must activate their account by accessing the activation link.
## 1.1.7. The system shall verify the validity of the activation link.
## 1.1.8. Upon successful activation, the system shall update the account status to Active.
## 1.1.9. The system shall not allow authentication or platform access for accounts that are not i

[16] source=6c5380267c218234 type=SrcChunk hops=0 score=0.6736 chunk=6c5380267c218234 doc=JIRA-Lifecycle.md rel=VECTOR_SIMILARITY
 [
      {
        ""author"": ""Backend Engineer Tomas"",
        ""timestamp"": ""2026-02-12T14:20:00Z"",
        ""text"": ""RBAC (Role-Based Access Control) integrated. Only users with 'OPERATOR' or 'ADMIN' roles can trigger approval.""
      }
    ]
  },
  {
    ""ticket_id"": ""JIRA-LIFE-204"",
    ""summary"": ""Manual Rent Completion for Operators"",
    ""description"": ""Allow authorized users to manually trigger rent completion. This is required for early returns."",
    ""status"": ""In Progress"",
    ""comments"": [
      {
        ""author"": ""QA Engineer Marta"",
        ""timestamp"": ""2026-02-21T10:15:00Z"",
        ""text"": ""Clarification needed: If an operator completes a rent early, does the 'Maintenance' (v1.2) period start immediately, or only at the original end date?""
      }
    ]
  },
  {
  ""ticket_id"": ""JIRA-LIFE-205"",
  ""summary"": ""Bug: Penalty applied during early operator cancellation"",
  ""description"": ""An operator reported that a rent was stopped shortly after it became active, but the system still applied a penalty fee. Based on earlier lifecycle guidance, there may have been a short tolerance window in which this kind of early cancellation should not have triggered the charge."",
  ""s

[17] source=f5347fc41dbe1de1 type=SrcChunk hops=0 score=0.6451 chunk=f5347fc41dbe1de1 doc=TOOLCHAIN-CONF-RENT-01-v1.2.md rel=VECTOR_SIMILARITY
 Approved status.

## 2.5 Rent Completion and Maintenance
## 2.5.1 (REVISED) Upon reaching the rental end date, the system shall update the status to 'Maintenance'.
## 2.5.2 (REVISED) Maintenance duration is dynamic and depends on the specific Equipment Category as defined in the Maintenance Matrix.
## 2.5.3 After the maintenance period is completed, the status transitions to 'Available'.

## 2.6 Rent Cancellation
## 2.6.1 The system shall allow users to cancel rent records that are in Requested status.
## 2.6.2 (REVISED) The system shall allow authorized users to cancel rent records that are in Approved or Active status.
## 2.6.3 The system shall update the rent status to Cancelled when a rent is cancelled.
## 2.6.4 The system shall prevent cancellation of rent records that are already Completed or Cancelled.

## 2.7 Rent Modification Rules
## 2.7.1 The system shall allow modification of rent records only when the rent status is Requested.
## 2.7.2 The system shall prevent modification of rent records that are in Approved, Active, Completed, Rejected, or Cancelled status, unless explicitly permitted.
## 2.7.3 The system shall validate all changes before saving modifications.

## 2

[18] source=44723706e3ff4356 type=SrcChunk hops=0 score=0.6826 chunk=44723706e3ff4356 doc=JIRA-Lifecycle.md rel=VECTOR_SIMILARITY
tem still applied a penalty fee. Based on earlier lifecycle guidance, there may have been a short tolerance window in which this kind of early cancellation should not have triggered the charge."",
  ""status"": ""New"",
  ""comments"": [
    {
      ""author"": ""Developer Dave"",
      ""timestamp"": ""2026-02-21T09:00:00Z"",
      ""text"": ""I checked the current cancellation rules and they still allow stopping an active rent, but I cannot find the earlier exemption language that would have waived the penalty in the initial operator tolerance window. It may have been removed, or it may simply be missing from the latest write-up.""
    },
    {
      ""author"": ""PM Peter"",
      ""timestamp"": ""2026-02-21T11:00:00Z"",
      ""text"": ""This needs confirmation. If the newer lifecycle material dropped that exception without an explicit decision, we need to determine whether that was intentional or a documentation gap.""
    }
  ]
}
]

[19] source=9437222564f7ac64 type=SrcChunk hops=0 score=0.6885 chunk=9437222564f7ac64 doc=JIRA-Item.md rel=VECTOR_SIMILARITY
tion"": ""Implement the immediate status change for items (Available/Unavailable). Ensure items marked Unavailable cannot be rented."",
    ""status"": ""In Progress"",
    ""comments"": [
      {
        ""author"": ""Developer Dave"",
        ""timestamp"": ""2026-02-22T10:00:00Z"",
        ""text"": ""Logic check: If an item is currently 'Active' in a rent record, can an admin still set it to 'Unavailable'? The specification says status changes take effect immediately.""
      }
    ]
  },
  {
    ""ticket_id"": ""JIRA-ITEM-305"",
    ""summary"": ""Item Deletion Logic (Soft Delete)"",
    ""description"": ""Implement deletion of items using a soft-delete approach instead of physical removal. Prevent deletion when the item is still referenced by active rental activity, and confirm how the business deletion outcome should map to the current technical status model."",
    ""status"": ""To Do"",
    ""comments"": [
      {
        ""author"": ""Backend Engineer Tomas"",
        ""timestamp"": ""2026-02-22T12:00:00Z"",
        ""text"": ""Terminology check: the deletion outcome described in the specification does not map cleanly to the status values currently supported in the database. I need confirmation whether deleted items shou

[20] source=2b468c2425caf512 type=SrcChunk hops=0 score=0.7017 chunk=2b468c2425caf512 doc=CONF-AUTH-01.md rel=VECTOR_SIMILARITY
ystem shall set the account status to Pending upon successful registration and before email verification.
## 1.4.4 The system shall set the account status to Active after successful email verification.
## 1.4.5 The system shall allow the system administrator to change the account status to Suspended.
## 1.4.6 The system shall prevent Suspended accounts from authenticating and accessing the platform.
## 1.4.7 The system shall allow the system administrator to reactivate Suspended accounts by setting the status to Active.
## 1.4.8 The system shall allow the system administrator to set the account status to Deleted.
## 1.4.9 The system shall prevent Deleted accounts from authenticating and accessing the platform.
## 1.4.10 The system shall retain account data for Deleted accounts according to the data retention policy.
## 1.4.11 The system shall ensure that account status changes take effect immediately.

## 1.5. Session Management
## 1.5.1 The system shall create an authenticated session upon successful user authentication.
## 1.5.2 The system shall associate each session with a specific user account.
## 1.5.3 The system shall allow authenticated users to access protected resources o

[21] source=9978dc0dcd43a512 type=SrcChunk hops=0 score=0.6891 chunk=9978dc0dcd43a512 doc=JIRA-Item.md rel=VECTOR_SIMILARITY
"": ""Terminology check: the deletion outcome described in the specification does not map cleanly to the status values currently supported in the database. I need confirmation whether deleted items should reuse a non-rentable status or whether this requires a separate lifecycle value.""
      }
    ]
  }
]

[22] source=a4a287abb143e79a type=SrcChunk hops=0 score=0.6878 chunk=a4a287abb143e79a doc=JIRA-Rewards.md rel=VECTOR_SIMILARITY
nal buffer before charges apply.""
      }
    ]
  },
  {
    ""ticket_id"": ""JIRA-REW-905"",
    ""summary"": ""Penalty Dispute Workflow"",
    ""description"": ""Implement penalty dispute submission and resolution so users can challenge penalty outcomes and authorized staff can record the final decision together with any resulting adjustment."",
    ""status"": ""To Do""
  },
  {
    ""ticket_id"": ""JIRA-REW-906"",
    ""summary"": ""Adjustment Audit Logging"",
    ""description"": ""Log loyalty and penalty adjustments in a way that preserves traceability, supports controlled review, and remains compatible with the platform's broader privacy and auditability expectations."",
    ""status"": ""In Progress"",
    ""comments"": [
      {
        ""author"": ""Developer Dave"",
        ""timestamp"": ""2026-03-17T09:00:00Z"",
        ""text"": ""Auditability note: the requirement expects user-linked traceability for adjustments, but we should confirm whether direct user-identifying values belong in the raw adjustment log or whether authorized reviewers should resolve identities through a controlled lookup path.""
      }
    ]
  }
]

[23] source=69182d61c773aadd type=SrcChunk hops=0 score=0.6833 chunk=69182d61c773aadd doc=CONF-AUTH-01.md rel=VECTOR_SIMILARITY
# 1.3.6. The system shall allow users to initiate a password reset process if they forget their password.
## 1.3.7. The system shall require the user to provide their registered email address to initiate the password reset process.
## 1.3.8. The system shall send a password reset email containing a unique, time-limited reset link to the user's registered email address.
## 1.3.9. The system shall validate the reset link before allowing the user to set a new password.
## 1.3.10. The system shall allow the user to set a new password only if the reset link is valid and has not expired.
## 1.3.11. The system shall invalidate the reset link after successful password reset.
## 1.3.12. The system shall invalidate all active sessions after a successful password change or reset.

## 1.4. Account Status Management
## 1.4.1 The system shall assign a status to each user account.
## 1.4.2 The system shall support the following account statuses: Pending, Active, Suspended, and Deleted.
## 1.4.3 The system shall set the account status to Pending upon successful registration and before email verification.
## 1.4.4 The system shall set the account status to Active after successful email verification

[24] source=e6716dab172b3183 type=SrcChunk hops=0 score=0.6763 chunk=e6716dab172b3183 doc=JIRA-Availability.md rel=VECTOR_SIMILARITY
: ""Maintenance Period Management"",
    ""description"": ""Implement maintenance windows for items, ensure those periods block rental activity, and make the item appear non-rentable while the maintenance window is in effect."",
    ""status"": ""In Progress"",
    ""comments"": [
      {
        ""author"": ""Tomas"",
        ""timestamp"": ""2026-02-24T10:00:00Z"",
        ""text"": ""Current implementation path uses the existing non-rentable status handling for maintenance-related periods as well. We should confirm whether the user interface needs to distinguish maintenance from other forms of temporary unavailability.""
      }
    ]
  },
  {
    ""ticket_id"": ""JIRA-AVAIL-405"",
    ""summary"": ""Real-time Status Sync"",
    ""description"": ""Ensure availability changes are applied immediately when relevant rental lifecycle events or availability controls are updated."",
    ""status"": ""To Do""
  }
]

[25] source=ebea956274025791 type=SrcChunk hops=0 score=0.6744 chunk=ebea956274025791 doc=JIRA-Payment.md rel=VECTOR_SIMILARITY
ctations for the total, but it does not fully spell out how edge-case fractions should be handled at each calculation stage. I started with a simplified approach for partial-unit handling, but this needs confirmation before we freeze the behavior.""
      },
      {
        ""author"": ""QA Marta"",
        ""timestamp"": ""2026-03-01T14:00:00Z"",
        ""text"": ""Please verify the consistency of subtotal, tax, and final amount handling. A display-friendly simplification in one layer can still produce visible mismatches later if the stored and presented totals are derived differently.""
      },
      {
        ""author"": ""Developer Dave"",
        ""timestamp"": ""2026-03-04T15:00:00Z"",
        ""text"": ""UI note: finance asked for cleaner presentation in one of the pilot currency scenarios, so I explored a more compact display format there while keeping more precise values in the underlying records. We need confirmation that the user-facing total must always match the persisted billing amount exactly.""
      }
    ]
  },
  {
    ""ticket_id"": ""JIRA-PAY-603"",
    ""summary"": ""Invoice Generation Engine"",
    ""description"": ""Generate invoices for billable rental outcomes, assign stable invoice identif

[26] source=0013387e34dddff9 type=SrcChunk hops=0 score=0.6728 chunk=0013387e34dddff9 doc=TOOLCHAIN-CONF-RENTABLE-ITEM-01.md rel=VECTOR_SIMILARITY
ity status changes take effect immediately.

## 3.4 Item Deletion
## 3.4.1 The system shall allow authorized users to delete items.
## 3.4.2 The system shall prevent deletion of items that have Active rent records.
## 3.4.3 The system shall mark deleted items as Inactive instead of permanently removing them, unless explicitly configured otherwise.

## 3.5 Item Access Control
## 3.5.1 The system shall allow all authenticated users to view available items.
## 3.5.2 The system shall restrict item creation, modification, and deletion to authorized users.

[27] source=e633209b9a702ede type=SrcChunk hops=0 score=0.6724 chunk=e633209b9a702ede doc=CONF-AUTH-01.md rel=VECTOR_SIMILARITY
ion link.
## 1.1.8. Upon successful activation, the system shall update the account status to Active.
## 1.1.9. The system shall not allow authentication or platform access for accounts that are not in Active status.

## 1.2. User Authentication and Login
## 1.2.1. The system shall allow access to the platform only for authenticated users with an account status of Active.
## 1.2.2. The system shall require the user to provide their registered email address and password in order to authenticate.
## 1.2.3. The system shall validate the provided credentials against the stored account data.
## 1.2.4. If the provided credentials are valid and the account status is Active, the system shall authenticate the user and grant access to the platform.
## 1.2.5. If the provided credentials are invalid, the system shall deny access and display an appropriate error message.
## 1.2.6. The system shall deny authentication if the account status is not Active, including but not limited to Pending, Suspended, or Deleted statuses.
## 1.2.7. Upon successful authentication, the system shall create an authenticated session associated with the user.
## 1.2.8. The system shall maintain the authenticated sess

[28] source=56489466fbfffbaa type=SrcChunk hops=0 score=0.6705 chunk=56489466fbfffbaa doc=JIRA-Auth.md rel=VECTOR_SIMILARITY
The system shall not allow authentication or platform access for accounts that are not in Active status (e.g., Pending, Suspended, Deleted)."",
    ""comments"": []
  },
  {
    ""ticket_id"": ""JIRA-Auth-110"",
    ""summary"": ""Activation token - Enforce single-use"",
    ""description"": ""Activation tokens shall be single-use. After a successful activation, the system shall invalidate the activation token immediately to prevent reuse."",
    ""comments"": []
  },
  {
    ""ticket_id"": ""JIRA-Auth-111"",
    ""summary"": ""Support registration for multiple users sharing the same email address"",
    ""description"": ""In some use cases (e.g. family accounts or shared organizational email addresses), multiple users may attempt to register using the same email address. Instead of enforcing strict email uniqueness, we may allow multiple accountsto share the same email if another identifier (such as phone number) is unique. This would require adjusting the registration validation logic."",
    ""comments"": [
      {
        ""author"": ""QA Engineer Marta"",
        ""timestamp"": ""2026-02-16T10:41:00Z"",
        ""text"": ""This contradicts the SRS requirement that email must be unique. Please confirm expected behavior

[29] source=d1f9814887e95dcd type=SrcChunk hops=0 score=0.6699 chunk=d1f9814887e95dcd doc=JIRA-Auth.md rel=VECTOR_SIMILARITY
n - Send confirmation email with activation link"",
    ""description"": ""After successful registration, the system shall send an account activation email to the provided email address. The email shall contain a unique activation link."",
    ""comments"": [
      {
        ""author"": ""Security Engineer Viktor"",
        ""timestamp"": ""2026-02-15T13:40:00Z"",
        ""text"": ""Activation tokens must be cryptographically secure and time-limited. If stored, store hashed tokens.""
      }
    ]
  },
  {
    ""ticket_id"": ""JIRA-Auth-106"",
    ""summary"": ""Activation - Validate activation link and activate account"",
    ""description"": ""Implement activation flow. The system shall validate the activation link/token. If valid, the system shall update the account status from Pending to Active and allow platform access."",
    ""comments"": []
  },
  {
    ""ticket_id"": ""JIRA-Auth-107"",
    ""summary"": ""Activation - Reject invalid or expired tokens"",
    ""description"": ""The system shall reject activation requests that use invalid or expired activation tokens and show an appropriate error state."",
    ""comments"": []
  },
  {
  ""ticket_id"": ""JIRA-Auth-108"",
  ""summary"": ""Registration - Security hardening: Preven

[30] source=cb19aeaad55d5a74 type=SrcChunk hops=0 score=0.6644 chunk=cb19aeaad55d5a74 doc=JIRA-Rewards.md rel=VECTOR_SIMILARITY
[
  {
    ""ticket_id"": ""JIRA-REW-901"",
    ""summary"": ""Loyalty Points Accrual Logic"",
    ""description"": ""Implement loyalty point accrual for completed and successfully settled rental activity, and ensure awarded points are applied to the user account according to the configurable reward policy."",
    ""status"": ""In Progress"",
    ""comments"": [
      {
        ""author"": ""Developer Dave"",
        ""timestamp"": ""2026-03-15T10:00:00Z"",
        ""text"": ""Implementation note: the specification refers to configurable business rules for point awards, but the exact reward formula is not yet finalized. I need confirmation on whether beta should use a temporary default rule or wait for the configurable policy source.""
      }
    ]
  },
  {
    ""ticket_id"": ""JIRA-REW-902"",
    ""summary"": ""Points Redemption and Discount Handling"",
    ""description"": ""Allow loyalty point redemption during billing, validate that the user has sufficient balance, and ensure redemption is recorded consistently together with the related financial outcome."",
    ""status"": ""To Do""
  },
  {
    ""ticket_id"": ""JIRA-REW-903"",
    ""summary"": ""Loyalty Tier Automation"",
    ""description"": ""Implement configurable loyalty tier a

[31] source=22d80e39745d1186 type=SrcChunk hops=0 score=0.6637 chunk=22d80e39745d1186 doc=JIRA-Reporting.md rel=VECTOR_SIMILARITY
 truth to avoid mismatches between invoices and exported summaries.""
      }
    ]
  },
  {
    ""ticket_id"": ""JIRA-REP-703"",
    ""summary"": ""User Activity and Audit Logging"",
    ""description"": ""Implement user activity reporting and audit logging for critical system events, while preserving traceability and staying aligned with privacy constraints around what user-related data may appear in logs and operational views."",
    ""status"": ""In Progress"",
    ""comments"": [
      {
        ""author"": ""Developer Dave"",
        ""timestamp"": ""2026-03-07T08:30:00Z"",
        ""text"": ""Privacy note: the specification expects user-linked auditability, but the current compliance direction discourages exposing directly identifiable personal details in raw logs. I need confirmation on whether administrators should read these records through a controlled lookup layer rather than from the stored log entries alone.""
      }
    ]
  },
  {
    ""ticket_id"": ""JIRA-REP-704"",
    ""summary"": ""Audit Log Integrity"",
    ""description"": ""Ensure audit entries remain protected against unauthorized change or removal, and that the storage approach supports the integrity guarantees defined in the reporting and audit sp

[32] source=1d3d27d1a24b72f0 type=SrcChunk hops=0 score=0.6614 chunk=1d3d27d1a24b72f0 doc=JIRA-Auth.md rel=VECTOR_SIMILARITY
that use invalid or expired activation tokens and show an appropriate error state."",
    ""comments"": []
  },
  {
  ""ticket_id"": ""JIRA-Auth-108"",
  ""summary"": ""Registration - Security hardening: Prevent email enumeration"",
  ""description"": ""To prevent attackers from discovering registered users, the registration flow must use generic responses. \n\nRequirement:\nIf a user tries to register with an email address that is already in use, the system MUST NOT display an error message stating 'Email already exists'. \nInstead, it should display a generic message: 'If this email is valid, a message has been sent to it.'"",
  ""comments"": [
    {
      ""author"": ""Security Engineer Viktor"",
      ""timestamp"": ""2026-02-16T10:00:00Z"",
      ""text"": ""This is critical for OWA (OWASP) compliance. We cannot leak user existence through the registration form.""
    }
  ]
},
  {
    ""ticket_id"": ""JIRA-Auth-109"",
    ""summary"": ""Authentication gate - Block login for non-Active accounts"",
    ""description"": ""The system shall not allow authentication or platform access for accounts that are not in Active status (e.g., Pending, Suspended, Deleted)."",
    ""comments"": []
  },
  {
    ""ticket_id"": ""JIRA-Auth-1

[33] source=8f047482d7206346 type=SrcChunk hops=0 score=0.6589 chunk=8f047482d7206346 doc=JIRA-Availability.md rel=VECTOR_SIMILARITY
op the endpoint for checking whether an item can be rented within a requested period, ensuring the response reflects the latest rental and item-state information at query time."",
    ""status"": ""In Progress"",
    ""comments"": [
      {
        ""author"": ""QA Marta"",
        ""timestamp"": ""2026-02-23T11:00:00Z"",
        ""text"": ""Found an ambiguity in query results after the recent item-management changes. Records that are no longer operationally valid are being surfaced through the same availability wording used for temporarily blocked items, which may mislead users about whether the item is recoverable or simply not rentable at the moment.""
      }
    ]
  },
  {
    ""ticket_id"": ""JIRA-AVAIL-403"",
    ""summary"": ""Manual Availability Restrictions"",
    ""description"": ""Allow authorized users to define manual non-rentable periods and ensure those restrictions take precedence over otherwise rentable time windows."",
    ""status"": ""To Do""
  },
  {
    ""ticket_id"": ""JIRA-AVAIL-404"",
    ""summary"": ""Maintenance Period Management"",
    ""description"": ""Implement maintenance windows for items, ensure those periods block rental activity, and make the item appear non-rentable while the maintenance 

[34] source=39e8811963c4099a type=SrcChunk hops=0 score=0.6505 chunk=39e8811963c4099a doc=TOOLCHAIN-CONF-RENT-01.md rel=VECTOR_SIMILARITY
Approved status.

## 2.5 Rent Completion
## 2.5.1 The system shall update the rent status to Completed when the rental end date is reached.
## 2.5.2 The system shall allow authorized users to manually complete a rent.
## 2.5.3 The system shall prevent completion of rent records that are not in Active status.

## 2.6 Rent Cancellation
## 2.6.1 The system shall allow users to cancel rent records that are in Requested status.
## 2.6.2 The system shall allow authorized users to cancel rent records that are in Approved or Active status.
## 2.6.3 The system shall update the rent status to Cancelled when a rent is cancelled.
## 2.6.4 The system shall prevent cancellation of rent records that are already Completed or Cancelled.

## 2.7 Rent Modification Rules
## 2.7.1 The system shall allow modification of rent records only when the rent status is Requested.
## 2.7.2 The system shall prevent modification of rent records that are in Approved, Active, Completed, Rejected, or Cancelled status, unless explicitly permitted.
## 2.7.3 The system shall validate all changes before saving modifications.

## 2.8 Rent History and Audit
## 2.8.1 The system shall maintain the full lifecycle history of e

[35] source=c9549ababe52be5f type=SrcChunk hops=0 score=0.6472 chunk=c9549ababe52be5f doc=EMAIL_DATA_Internal_Audit_Discrepancy.txt rel=VECTOR_SIMILARITY
From: internal_audit@toolchain.com
Date: 2026-03-08 14:00
Subject: Review findings on reporting consistency

Hi Dev Team,

During our recent reporting review, we found several consistency issues that need clarification before the reporting package can be considered reliable for audit use.

First, the financial outputs do not appear to align cleanly across all billing contexts. In some cases, the figures shown in reports, exported files, and billing records seem to reflect different presentation or calculation assumptions.

Second, the activity and audit views currently favor a privacy-preserving identifier style that makes operational review harder for non-technical auditors. We need to confirm whether this is the intended audit model, or whether authorized reviewers should have access to a controlled identity-resolution path.

Third, exported reporting artifacts do not always appear to match the same underlying interpretation used elsewhere in the platform, which raises a broader question about which data representation should be treated as authoritative for audit purposes.

Please review and confirm the intended source-of-truth model for report generation, export, and audit visib

[36] source=66d61fc1f995d676 type=SrcChunk hops=0 score=0.7355 chunk=66d61fc1f995d676 doc=JIRA-Auth.md rel=VECTOR_SIMILARITY
 {
        ""author"": ""QA Engineer Marta"",
        ""timestamp"": ""2026-02-16T10:41:00Z"",
        ""text"": ""This contradicts the SRS requirement that email must be unique. Please confirm expected behavior.""
      }
    ]
  },
  {
  ""ticket_id"": ""JIRA-Auth-112"",
  ""summary"": ""Registration - Auto-cleanup for unactivated accounts and Data Retention"",
  ""description"": ""To comply with data minimization principles, the system shall automatically delete any user account that remains in 'Pending' status for more than 30 days. All associated personal data must be removed, except for minimal audit logs required by the retention policy."",
  ""comments"": [
    {
      ""author"": ""PM Peter"",
      ""timestamp"": ""2026-02-16T12:05:00Z"",
      ""text"": ""This is an enhancement beyond the initial SRS but aligns with GDPR data minimization.""
    },
    {
      ""author"": ""QA Engineer Marta"",
      ""timestamp"": ""2026-02-16T13:45:00Z"",
      ""text"": ""Logic Gap: If we delete the account after 30 days, what happens to the activation link sent in CONF-AUTH-01 1.5? The link has no expiry in the docs. We need to ensure the link doesn't trigger a 500 error on a non-existent account.""
    },
    {
      ""author"": ""Sec

[37] source=2fb79f7446b24909 type=SrcChunk hops=0 score=0.7124 chunk=2fb79f7446b24909 doc=JIRA-Auth.md rel=VECTOR_SIMILARITY
o the activation link sent in CONF-AUTH-01 1.5? The link has no expiry in the docs. We need to ensure the link doesn't trigger a 500 error on a non-existent account.""
    },
    {
      ""author"": ""Security Engineer Viktor"",
      ""timestamp"": ""2026-02-17T10:10:00Z"",
      ""text"": ""Clarification Needed: When a user manually requests account deletion, should it be immediate, or do we provide a 14-day 'grace period' for recovery before the permanent wipe?""
    }
  ]
},
  {
    ""ticket_id"": ""JIRA-Auth-113"",
    ""summary"": ""Registration - Password policy enforcement"",
    ""description"": ""Enforce password policy rules during registration and prevent weak passwords."",
    ""comments"": [
      {
        ""author"": ""Security Engineer Viktor"",
        ""timestamp"": ""2026-02-16T13:12:00Z"",
        ""text"": ""Missing details: minimum length, complexity requirements, common password blacklist, and whether passphrases are allowed.""
      }
    ],
    ""attachments"": [""EMAIL_CTO_Security_Update.txt""]
  },
{
  ""ticket_id"": ""JIRA-Auth-114"",
  ""summary"": ""Allow registration without phone number"",
  ""description"": ""Some users are reluctant to provide their phone number during registration. Consider making 

[38] source=854f7de27dc6118d type=SrcChunk hops=0 score=0.6732 chunk=854f7de27dc6118d doc=JIRA-Payment.md rel=VECTOR_SIMILARITY
.""
      }
    ]
  },
  {
    ""ticket_id"": ""JIRA-PAY-603"",
    ""summary"": ""Invoice Generation Engine"",
    ""description"": ""Generate invoices for billable rental outcomes, assign stable invoice identifiers, and store the invoice content together with the relevant rental and pricing details."",
    ""status"": ""To Do""
  },
  {
    ""ticket_id"": ""JIRA-PAY-604"",
    ""summary"": ""Payment Processing Integration"",
    ""description"": ""Implement payment handling, including payment-state tracking and linkage between payment, invoice, and rental records. Clarify how unsuccessful payment outcomes should affect downstream rental and availability behavior."",
    ""status"": ""In Progress"",
    ""comments"": [
      {
        ""author"": ""Tomas"",
        ""timestamp"": ""2026-03-02T09:00:00Z"",
        ""text"": ""There is a cross-module ambiguity here: when a payment attempt does not complete successfully, I do not yet know whether the related rental should remain operationally blocked, return to normal availability, or wait for a separate business decision.""
      }
    ]
  },
  {
    ""ticket_id"": ""JIRA-PAY-605"",
    ""summary"": ""Duplicate Payment Prevention"",
    ""description"": ""Implement idempotent payment prote

[39] source=dbdfe9579474ba43 type=SrcChunk hops=0 score=0.6702 chunk=dbdfe9579474ba43 doc=JIRA-Auth.md rel=VECTOR_SIMILARITY
be validated during registration?""
    },
    {
      ""author"": ""Developer Dave"",
      ""timestamp"": ""2026-02-15T11:05:00Z"",
      ""text"": ""Yes, we will accept common separators and normalize phone numbers to E.164 format.""
    },
    {
      ""author"": ""Backend Engineer Tomas"",
      ""timestamp"": ""2026-02-15T11:42:00Z"",
      ""text"": ""Yes, email format must be validated. The email must follow standard format: local-part@domain. The local part may contain letters, numbers, dots, hyphens, and underscores. The domain must contain at least one dot and valid domain name characters. Example of valid format: user.name@example.com""
    }
  ]
},
  {
    ""ticket_id"": ""JIRA-Auth-104"",
    ""summary"": ""Registration - Create Pending account after successful submission"",
    ""description"": ""Upon successful submission of the registration form, the system shall create a new user account with status set to Pending."",
    ""comments"": []
  },
  {
    ""ticket_id"": ""JIRA-Auth-105"",
    ""summary"": ""Activation - Send confirmation email with activation link"",
    ""description"": ""After successful registration, the system shall send an account activation email to the provided email address. The email shall c

[40] source=0374b1fefbab130e type=SrcChunk hops=0 score=0.6610 chunk=0374b1fefbab130e doc=JIRA-Payment.md rel=VECTOR_SIMILARITY
PAY-608"",
    ""summary"": ""Billing Access Control"",
    ""description"": ""Implement access control rules for billing records so users can view only their own financial history while authorized roles can review broader payment and invoice data."",
    ""status"": ""Closed""
  }
]

[41] source=7306d641eb9b0bb2 type=SrcChunk hops=0 score=0.6546 chunk=7306d641eb9b0bb2 doc=EMAIL_FINANCE_MultiCurrency_HACK.txt rel=VECTOR_SIMILARITY
cial records.

Best,
Finance Dept.

[42] source=2f105702c1c1c3f3 type=SrcChunk hops=0 score=0.6532 chunk=2f105702c1c1c3f3 doc=JIRA-Auth.md rel=VECTOR_SIMILARITY
t: Clear error messages"",
  ""description"": ""Our support team reports that users are confused by generic messages. We need to provide clear, actionable feedback during registration.\n\nRequirement:\nIf an email address is already registered, the system should clearly state: 'This email address is already registered. Please log in or reset your password.'"",
  ""comments"": [
    {
      ""author"": ""UX Writer Nora"",
      ""timestamp"": ""2026-02-17T09:30:00Z"",
      ""text"": ""Generic messages lead to high drop-off rates. Users think the system is broken if they don't get a specific reason for failure.""
    }
  ]
},
{
  ""ticket_id"": ""JIRA-Auth-116"",
  ""summary"": ""Initial login implementation without MFA"",
  ""description"": ""The first implementation of the login endpoint will support email and password authentication only. Multi-factor authentication (MFA) is part of the security roadmap, but will not be implemented in this sprint. Future iterations should extend the authentication flow to support a second factor when enabled."",
  ""comments"": [
    {
      ""author"": ""Developer Dave"",
      ""timestamp"": ""2026-02-18T10:00:00Z"",
      ""text"": ""Login logic is ready. MFA is not part of this sprint,

[43] source=e6fe5b64787f87a6 type=SrcChunk hops=0 score=0.6528 chunk=e6fe5b64787f87a6 doc=TOOLCHAIN-CONF-REWARDS&PANELTIES-01.md rel=VECTOR_SIMILARITY
ll allow users to submit disputes for penalties.
## 9.6.2 The system shall store dispute status including Open, Under Review, Approved, and Rejected.
## 9.6.3 The system shall allow authorized users to resolve disputes.
## 9.6.4 The system shall update penalty records based on dispute outcome.

## 9.7 Adjustment Integrity and Audit
## 9.7.1 The system shall log loyalty and penalty transactions.
## 9.7.2 The system shall store timestamp, user identifier, and adjustment details.
## 9.7.3 The system shall prevent unauthorized modification of loyalty or penalty records.
## 9.7.4 The system shall maintain complete adjustment history.

[44] source=1da852dd7949b438 type=SrcChunk hops=0 score=0.6505 chunk=1da852dd7949b438 doc=TOOLCHAIN-CONF-REPORTING-01.md rel=VECTOR_SIMILARITY
 users to generate reports of user activity.
## 7.3.2 The system shall include rent creation, modification, cancellation, and payment activity in user reports.
## 7.3.3 The system shall allow filtering user activity reports by user identifier.

## 7.4 Audit Logging
## 7.4.1 The system shall record audit logs for critical system events.
## 7.4.2 The system shall log rent lifecycle events.
## 7.4.3 The system shall log item management events.
## 7.4.4 The system shall log payment and billing events.
## 7.4.5 The system shall log authentication and authorization events.

## 7.5 Audit Log Content
## 7.5.1 The system shall include timestamp in audit log entries.
## 7.5.2 The system shall include user identifier in audit log entries.
## 7.5.3 The system shall include event type in audit log entries.
## 7.5.4 The system shall include event outcome in audit log entries.

## 7.6 Audit Log Integrity
## 7.6.1 The system shall ensure audit logs cannot be modified.
## 7.6.2 The system shall ensure audit logs cannot be deleted by unauthorized users.
## 7.6.3 The system shall ensure audit logs are securely stored.

## 7.7 Report Export
## 7.7.1 The system shall allow authorized users to export re

[45] source=beb42617cfc95144 type=SrcChunk hops=0 score=0.6476 chunk=beb42617cfc95144 doc=JIRA-Delivery-Control.md rel=VECTOR_SIMILARITY
arta"",
        ""timestamp"": ""2026-03-10T11:30:00Z"",
        ""text"": ""Please confirm how unsupported edge windows should appear in the user flow. There is a difference between a slot that is structurally outside delivery hours and one that is technically valid but already unavailable.""
      }
    ]
  },
  {
    ""ticket_id"": ""JIRA-DEL-803"",
    ""summary"": ""Delivery Status Lifecycle"",
    ""description"": ""Implement the delivery lifecycle flow and ensure the system can track operational delivery progress while keeping users informed when delivery state changes occur."",
    ""status"": ""Closed"",
    ""comments"": [
      {
        ""author"": ""Backend Engineer Tomas"",
        ""timestamp"": ""2026-03-11T09:20:00Z"",
        ""text"": ""The operational status progression is implemented, but we should confirm whether all internal delivery transitions are meant to be exposed directly to users or whether some should remain back-office only.""
      }
    ]
  },
  {
    ""ticket_id"": ""JIRA-DEL-804"",
    ""summary"": ""Delivery Fee Calculation"",
    ""description"": ""Implement delivery fee calculation according to the configured logistics rules and ensure applicable delivery charges flow into billing in a consis

[46] source=1531165a3c8df366 type=SrcChunk hops=0 score=0.6458 chunk=1531165a3c8df366 doc=JIRA-Notifications.md rel=VECTOR_SIMILARITY
imestamp"": ""2026-02-25T14:00:00Z"",
        ""text"": ""Please confirm which identifier wording should appear in outbound messages. The specification and the warehouse-facing screens do not use exactly the same term, and I want to avoid sending emails that confuse end users.""
      }
    ]
  },
  {
    ""ticket_id"": ""JIRA-NOTIF-506"",
    ""summary"": ""User Notification Preferences"",
    ""description"": ""Allow users to manage notification preferences by category, while clarifying whether any event classes are considered business-critical and therefore not fully optional."",
    ""status"": ""In Progress"",
    ""comments"": [
      {
        ""author"": ""Developer Dave"",
        ""timestamp"": ""2026-02-26T10:00:00Z"",
        ""text"": ""There is a policy ambiguity here: product preference settings suggest broad user control, but management feedback indicates that some approval-related messages may need to remain non-optional. I need confirmation before deciding whether these events should bypass normal preference filtering.""
      }
    ]
  },
  {
    ""ticket_id"": ""JIRA-NOTIF-507"",
    ""summary"": ""Notification Event Logging"",
    ""description"": ""Log notification generation and delivery outcomes so author

[47] source=9694bf5bcf380db0 type=SrcChunk hops=0 score=0.6869 chunk=9694bf5bcf380db0 doc=JIRA-Payment.md rel=VECTOR_SIMILARITY
or wait for a separate business decision.""
      }
    ]
  },
  {
    ""ticket_id"": ""JIRA-PAY-605"",
    ""summary"": ""Duplicate Payment Prevention"",
    ""description"": ""Implement idempotent payment protection so the same invoice cannot be settled multiple times through repeated requests or retries."",
    ""status"": ""To Do""
  },
  {
    ""ticket_id"": ""JIRA-PAY-606"",
    ""summary"": ""Refund Management Logic"",
    ""description"": ""Support authorized refund handling while preserving traceability to the original payment and ensuring the refunded amount remains within the permitted financial boundary."",
    ""status"": ""To Do""
  },
  {
    ""ticket_id"": ""JIRA-PAY-607"",
    ""summary"": ""Billing History and Immutability"",
    ""description"": ""Implement billing history access and preserve the immutability expectations of completed financial records so users and administrators can review prior invoices and payments without altering finalized outcomes."",
    ""status"": ""To Do""
  },
  {
    ""ticket_id"": ""JIRA-PAY-608"",
    ""summary"": ""Billing Access Control"",
    ""description"": ""Implement access control rules for billing records so users can view only their own financial history while authorized roles can ","Generated 10 executable Gherkin tests for R6 (Pending-account cleanup). Tests cover the core requirement of automatic deletion of Pending accounts after 30 days, account lifecycle transitions, data removal compliance, and exception scenarios around manual deletion grace periods and activation link behavior post-cleanup. Tests are grounded in operative context from PRIMARY evidence E1 and E4, with supporting lifecycle context from E2, E5, E15, E20, and known issue references E13, E14.",System shall automatically delete any user account that remains in Pending status for more than 30 days || ystem shall set the account status to Pending upon successful registration and before email verification. || Account status changes take effect immediately,Manual account deletion may require a 14-day grace period for recovery before permanent wipe (unconfirmed) || Activation links have no documented expiry and may trigger errors on non-existent accounts after cleanup,,,E1|E2|E4|E5|E13|E14|E15|E20,"R6 targets pending-account cleanup. PRIMARY evidence E1 and E4 establish the core requirement: automatic deletion of Pending accounts after 30 days with removal of associated personal data except audit logs (GDPR data minimization). E2, E5, E15, E20 provide account lifecycle context showing Pending status is set upon registration and blocks authentication. E13 and E14 identify the activation expiry/pending cleanup gap as a known issue. E4 raises unresolved questions about manual deletion grace periods and activation link behavior post-cleanup. The 30-day automatic cleanup rule is clearly stated in PRIMARY evidence and should be operative. However, the interaction with activation links (no expiry documented) and manual deletion procedures (grace period unconfirmed) remain gaps that affect test design. Filtered abstract or low-relevance operative statements: All associated personal data must be removed upon automatic deletion, except for minimal audit logs required by retention policy | Pending accounts are created upon successful registration before email verification | Pending accounts cannot authenticate or access the platform",1,0,0,0
1cb52207,R6,hybrid,full,anthropic,claude-haiku-4-5-20251001,2,2026-07-03.v3,R6_2,Pending status set upon successful registration,"Feature: Pending Account Lifecycle
  Scenario: Account transitions to Pending status after successful registration
    Given a user completes the registration form
    When registration is successful
    Then the account status should be set to Pending
    And the account should not be verified",Operative context establishes that Pending status is set upon successful registration before email verification. This is a prerequisite state for the cleanup requirement.,E2|E5,System shall set the account status to Pending upon successful registration and before email verification,0013387e34dddff9|0374b1fefbab130e|1531165a3c8df366|1d3d27d1a24b72f0|1da852dd7949b438|22d80e39745d1186|2b468c2425caf512|2f105702c1c1c3f3|2fb79f7446b24909|39e8811963c4099a|44723706e3ff4356|56489466fbfffbaa|66d61fc1f995d676|69182d61c773aadd|6c5380267c218234|7306d641eb9b0bb2|854f7de27dc6118d|8f047482d7206346|8f9c14a11698d93e|9437222564f7ac64|9694bf5bcf380db0|9978dc0dcd43a512|A44|A5|A8|C1|G1|G63|G93c|I3|I4|R6|a4a287abb143e79a|beb42617cfc95144|c9549ababe52be5f|cb19aeaad55d5a74|d1f9814887e95dcd|dbdfe9579474ba43|e633209b9a702ede|e6716dab172b3183|e6fe5b64787f87a6|ebea956274025791|f5347fc41dbe1de1,Pending-account cleanup,Pending-account cleanup,"[1] source=R6 type=Requirement/SrcChunk hops=0 chunk=66d61fc1f995d676 doc=JIRA-Auth.md rel=TARGET
 {
        ""author"": ""QA Engineer Marta"",
        ""timestamp"": ""2026-02-16T10:41:00Z"",
        ""text"": ""This contradicts the SRS requirement that email must be unique. Please confirm expected behavior.""
      }
    ]
  },
  {
  ""ticket_id"": ""JIRA-Auth-112"",
  ""summary"": ""Registration - Auto-cleanup for unactivated accounts and Data Retention"",
  ""description"": ""To comply with data minimization principles, the system shall automatically delete any user account that remains in 'Pending' status for more than 30 days. All associated personal data must be removed, except for minimal audit logs required by the retention policy."",
  ""comments"": [
    {
      ""author"": ""PM Peter"",
      ""timestamp"": ""2026-02-16T12:05:00Z"",
      ""text"": ""This is an enhancement beyond the initial SRS but aligns with GDPR data minimization.""
    },
    {
      ""author"": ""QA Engineer Marta"",
      ""timestamp"": ""2026-02-16T13:45:00Z"",
      ""text"": ""Logic Gap: If we delete the account after 30 days, what happens to the activation link sent in CONF-AUTH-01 1.5? The link has no expiry in the docs. We need to ensure the link doesn't trigger a 500 error on a non-existent account.""
    },
    {
      ""author"": ""Sec

[2] source=R6 type=Requirement/SrcChunk hops=0 chunk=2b468c2425caf512 doc=CONF-AUTH-01.md rel=TARGET
ystem shall set the account status to Pending upon successful registration and before email verification.
## 1.4.4 The system shall set the account status to Active after successful email verification.
## 1.4.5 The system shall allow the system administrator to change the account status to Suspended.
## 1.4.6 The system shall prevent Suspended accounts from authenticating and accessing the platform.
## 1.4.7 The system shall allow the system administrator to reactivate Suspended accounts by setting the status to Active.
## 1.4.8 The system shall allow the system administrator to set the account status to Deleted.
## 1.4.9 The system shall prevent Deleted accounts from authenticating and accessing the platform.
## 1.4.10 The system shall retain account data for Deleted accounts according to the data retention policy.
## 1.4.11 The system shall ensure that account status changes take effect immediately.

## 1.5. Session Management
## 1.5.1 The system shall create an authenticated session upon successful user authentication.
## 1.5.2 The system shall associate each session with a specific user account.
## 1.5.3 The system shall allow authenticated users to access protected resources o

[3] source=R6 type=Requirement hops=0 rel=TARGET
Pending-account cleanup

[4] source=R6 type=Requirement/SrcChunk hops=0 chunk=2fb79f7446b24909 doc=JIRA-Auth.md rel=TARGET
o the activation link sent in CONF-AUTH-01 1.5? The link has no expiry in the docs. We need to ensure the link doesn't trigger a 500 error on a non-existent account.""
    },
    {
      ""author"": ""Security Engineer Viktor"",
      ""timestamp"": ""2026-02-17T10:10:00Z"",
      ""text"": ""Clarification Needed: When a user manually requests account deletion, should it be immediate, or do we provide a 14-day 'grace period' for recovery before the permanent wipe?""
    }
  ]
},
  {
    ""ticket_id"": ""JIRA-Auth-113"",
    ""summary"": ""Registration - Password policy enforcement"",
    ""description"": ""Enforce password policy rules during registration and prevent weak passwords."",
    ""comments"": [
      {
        ""author"": ""Security Engineer Viktor"",
        ""timestamp"": ""2026-02-16T13:12:00Z"",
        ""text"": ""Missing details: minimum length, complexity requirements, common password blacklist, and whether passphrases are allowed.""
      }
    ],
    ""attachments"": [""EMAIL_CTO_Security_Update.txt""]
  },
{
  ""ticket_id"": ""JIRA-Auth-114"",
  ""summary"": ""Allow registration without phone number"",
  ""description"": ""Some users are reluctant to provide their phone number during registration. Consider making 

[5] source=I4 type=Implementation/SrcChunk hops=1 chunk=8f9c14a11698d93e doc=CONF-AUTH-01.md rel=REFINES
# Documentum ID: TOOLCHAIN-CONF-AUTH-01
# Description: User account registration and lifecycle management
# Status: Effective (v1.0)

## 1 User account registration and lifecycle management

## 1.1 User registration and account activation
## 1.1.1 The user must register in order to access the platform.
## 1.1.2. During registration, the system shall require the user to provide the following mandatory information: first name, last name, phone number, email address
## 1.1.3. The system shall validate that the provided email address is unique and not already associated with an existing account.
## 1.1.4. Upon successful submission of the registration form, the system shall create a new user account with a status of Pending.
## 1.1.5. The system shall send an account activation email to the provided email address containing a unique activation link.
## 1.1.6. The user must activate their account by accessing the activation link.
## 1.1.7. The system shall verify the validity of the activation link.
## 1.1.8. Upon successful activation, the system shall update the account status to Active.
## 1.1.9. The system shall not allow authentication or platform access for accounts that are not i

[6] source=G63 type=Gap/SrcChunk hops=2 chunk=cc00a9173697dc7d doc=JIRA-Payment.md rel=IN_DOC > IN_DOC
[
  {
    ""ticket_id"": ""JIRA-PAY-601"",
    ""summary"": ""Pricing Configuration Service"",
    ""description"": ""Implement the pricing configuration layer so authorized users can define rental pricing structures and apply them consistently to rentable items without retroactively changing already established rental records."",
    ""status"": ""Closed""
  },
  {
    ""ticket_id"": ""JIRA-PAY-602"",
    ""summary"": ""Price Calculation and Precision"",
    ""description"": ""Implement rental cost calculation based on duration and pricing rules, and make sure the resulting amount is derived consistently across calculation, storage, and user-facing display. International billing and currency presentation should be treated as a related operational concern, but must not silently override the core pricing logic."",
    ""status"": ""In Progress"",
    ""comments"": [
      {
        ""author"": ""Developer Dave"",
        ""timestamp"": ""2026-03-01T10:00:00Z"",
        ""text"": ""The current specification defines correctness expectations for the total, but it does not fully spell out how edge-case fractions should be handled at each calculation stage. I started with a simplified approach for partial-unit handling, but this ne

[7] source=G1 type=Gap/SrcChunk hops=1 chunk=1d3d27d1a24b72f0 doc=JIRA-Auth.md rel=AFFECTS
that use invalid or expired activation tokens and show an appropriate error state."",
    ""comments"": []
  },
  {
  ""ticket_id"": ""JIRA-Auth-108"",
  ""summary"": ""Registration - Security hardening: Prevent email enumeration"",
  ""description"": ""To prevent attackers from discovering registered users, the registration flow must use generic responses. \n\nRequirement:\nIf a user tries to register with an email address that is already in use, the system MUST NOT display an error message stating 'Email already exists'. \nInstead, it should display a generic message: 'If this email is valid, a message has been sent to it.'"",
  ""comments"": [
    {
      ""author"": ""Security Engineer Viktor"",
      ""timestamp"": ""2026-02-16T10:00:00Z"",
      ""text"": ""This is critical for OWA (OWASP) compliance. We cannot leak user existence through the registration form.""
    }
  ]
},
  {
    ""ticket_id"": ""JIRA-Auth-109"",
    ""summary"": ""Authentication gate - Block login for non-Active accounts"",
    ""description"": ""The system shall not allow authentication or platform access for accounts that are not in Active status (e.g., Pending, Suspended, Deleted)."",
    ""comments"": []
  },
  {
    ""ticket_id"": ""JIRA-Auth-1

[8] source=G1 type=Gap hops=1 rel=AFFECTS
Activation expiry / pending cleanup gap

[9] source=I3 type=Implementation/SrcChunk hops=2 chunk=56489466fbfffbaa doc=JIRA-Auth.md rel=IN_DOC > IN_DOC
The system shall not allow authentication or platform access for accounts that are not in Active status (e.g., Pending, Suspended, Deleted)."",
    ""comments"": []
  },
  {
    ""ticket_id"": ""JIRA-Auth-110"",
    ""summary"": ""Activation token - Enforce single-use"",
    ""description"": ""Activation tokens shall be single-use. After a successful activation, the system shall invalidate the activation token immediately to prevent reuse."",
    ""comments"": []
  },
  {
    ""ticket_id"": ""JIRA-Auth-111"",
    ""summary"": ""Support registration for multiple users sharing the same email address"",
    ""description"": ""In some use cases (e.g. family accounts or shared organizational email addresses), multiple users may attempt to register using the same email address. Instead of enforcing strict email uniqueness, we may allow multiple accountsto share the same email if another identifier (such as phone number) is unique. This would require adjusting the registration validation logic."",
    ""comments"": [
      {
        ""author"": ""QA Engineer Marta"",
        ""timestamp"": ""2026-02-16T10:41:00Z"",
        ""text"": ""This contradicts the SRS requirement that email must be unique. Please confirm expected behavior

[10] source=G93c type=Gap/SrcChunk hops=2 chunk=ebea956274025791 doc=JIRA-Payment.md rel=IN_DOC > IN_DOC
ctations for the total, but it does not fully spell out how edge-case fractions should be handled at each calculation stage. I started with a simplified approach for partial-unit handling, but this needs confirmation before we freeze the behavior.""
      },
      {
        ""author"": ""QA Marta"",
        ""timestamp"": ""2026-03-01T14:00:00Z"",
        ""text"": ""Please verify the consistency of subtotal, tax, and final amount handling. A display-friendly simplification in one layer can still produce visible mismatches later if the stored and presented totals are derived differently.""
      },
      {
        ""author"": ""Developer Dave"",
        ""timestamp"": ""2026-03-04T15:00:00Z"",
        ""text"": ""UI note: finance asked for cleaner presentation in one of the pilot currency scenarios, so I explored a more compact display format there while keeping more precise values in the underlying records. We need confirmation that the user-facing total must always match the persisted billing amount exactly.""
      }
    ]
  },
  {
    ""ticket_id"": ""JIRA-PAY-603"",
    ""summary"": ""Invoice Generation Engine"",
    ""description"": ""Generate invoices for billable rental outcomes, assign stable invoice identif

[11] source=C1 type=Communication/SrcChunk hops=2 chunk=6bb3b84e337f31dc doc=JIRA-Auth.md rel=IN_DOC > IN_DOC
nd whether hyphens/accents are allowed in names.""
      },
      {
        ""author"": ""Developer Dave"",
        ""timestamp"": ""2026-02-15T14:38:00Z"",
        ""text"": ""Leading/trailing spaces will be trimmed. Hyphens and accents are allowed.""
      },
      {
        ""author"": ""QA Engineer Marta"",
        ""timestamp"": ""2026-02-16T07:16:00Z"",
        ""text"": ""Will first and last names be entered in separate fields? Will we support a middle name?""
      },
      {
        ""author"": ""PM Peter"",
        ""timestamp"": ""2026-02-16T12:58:00Z"",
        ""text"": ""First and last name are separate fields. Middle name is optional.""
      },
      {
        ""author"": ""QA Engineer Marta"",
        ""timestamp"": ""2026-02-16T16:43:00Z"",
        ""text"": ""Do we support double surnames or special characters (e.g. apostrophe in O'Connor)?""
      }
    ],
	""attachments"": [""EMAIL_LEGAL_GDPR_Compliance.txt""]
  },
  {
    ""ticket_id"": ""JIRA-Auth-102"",
    ""summary"": ""Registration - Email uniqueness validation"",
    ""description"": ""Validate that the email address provided during registration is unique and not already associated with an existing account. Uniqueness validation shall be case-insensitive."",
    ""comm

[12] source=A5 type=Actor/SrcChunk hops=2 chunk=b046296a3e9c6aab doc=JIRA-Auth.md rel=IN_DOC > IN_DOC
""description"": ""Validate that the email address provided during registration is unique and not already associated with an existing account. Uniqueness validation shall be case-insensitive."",
    ""comments"": [
      {
        ""author"": ""QA Engineer Marta"",
        ""timestamp"": ""2026-02-15T08:22:00Z"",
        ""text"": ""Should email addresses be case-sensitive when checking for uniqueness? (e.g. Test@t.com = test@t.com?)""
      }
    ]
  },
{
  ""ticket_id"": ""JIRA-Auth-103"",
  ""summary"": ""Registration - Phone number validation and normalization"",
  ""description"": ""Validate phone number format during registration and store it in normalized E.164 format. Reject invalid formats and normalize acceptable inputs."",
  ""comments"": [
    {
      ""author"": ""QA Engineer Marta"",
      ""timestamp"": ""2026-02-15T10:22:00Z"",
      ""text"": ""Please confirm whether we accept spaces, parentheses, and dashes in phone number input (e.g., +36 (30) 123-4567) and normalize it. Also, should the email address format be validated during registration?""
    },
    {
      ""author"": ""Developer Dave"",
      ""timestamp"": ""2026-02-15T11:05:00Z"",
      ""text"": ""Yes, we will accept common separators and normalize phone nu

[13] source=A8 type=Actor/SrcChunk hops=2 chunk=ce4209d8f88ab7e7 doc=JIRA-Auth.md rel=IN_DOC > IN_DOC
[
  {
    ""ticket_id"": ""JIRA-Auth-101"",
    ""summary"": ""Registration - Create account with mandatory fields"",
    ""description"": ""Implement user registration functionality. The system shall require first name, last name, phone number, email address, and password. All fields are mandatory and must be validated before submission. \n\nAdditionally, the form must include:\n1. A single 'Terms and Conditions' checkbox that represents acceptance of both the Terms of Service and Privacy Policy.\n2. A 'Submit' button that remains disabled until all mandatory fields are filled and the legal consent checkbox is checked."",
    ""comments"": [
      {
        ""author"": ""Tool Master Lesly"",
        ""timestamp"": ""2026-02-15T09:00:00Z"",
        ""text"": ""Name fields must be limited to 50 characters due to database constraints.""
      },
      {
        ""author"": ""QA Engineer Marta"",
        ""timestamp"": ""2026-02-15T09:09:00Z"",
        ""text"": ""Please clarify if leading/trailing spaces should be trimmed and whether hyphens/accents are allowed in names.""
      },
      {
        ""author"": ""Developer Dave"",
        ""timestamp"": ""2026-02-15T14:38:00Z"",
        ""text"": ""Leading/trailing spaces will be tri

[14] source=A44 type=Actor/SrcChunk hops=2 chunk=c48c34de8cf76bce doc=EMAIL_SUPPORT_Emergency_Override.txt rel=IN_DOC > IN_DOC
From: support_lead@toolchain.com
Date: 2026-02-24 15:30
Subject: Escalation: exception handling for priority customers

Hi Dev Team,

Support keeps running into cases where a high-priority customer wants to secure an item even though the system currently treats the time window as blocked because of another pending request.

Operationally, the team is asking whether specially authorized staff should be able to intervene in those cases and resolve the conflict manually, rather than forcing the customer to wait for the ordinary availability flow to clear on its own. In practice this would mean allowing a priority booking path to take precedence over weaker, not-yet-confirmed demand.

Please do not treat this as confirmed product policy yet. We need guidance on whether this should remain a support-side exception process, or whether the booking logic itself is expected to support it.

Regards,
Sarah (Support Lead)

[15] source=8f9c14a11698d93e type=SrcChunk hops=0 score=0.6735 chunk=8f9c14a11698d93e doc=CONF-AUTH-01.md rel=VECTOR_SIMILARITY
# Documentum ID: TOOLCHAIN-CONF-AUTH-01
# Description: User account registration and lifecycle management
# Status: Effective (v1.0)

## 1 User account registration and lifecycle management

## 1.1 User registration and account activation
## 1.1.1 The user must register in order to access the platform.
## 1.1.2. During registration, the system shall require the user to provide the following mandatory information: first name, last name, phone number, email address
## 1.1.3. The system shall validate that the provided email address is unique and not already associated with an existing account.
## 1.1.4. Upon successful submission of the registration form, the system shall create a new user account with a status of Pending.
## 1.1.5. The system shall send an account activation email to the provided email address containing a unique activation link.
## 1.1.6. The user must activate their account by accessing the activation link.
## 1.1.7. The system shall verify the validity of the activation link.
## 1.1.8. Upon successful activation, the system shall update the account status to Active.
## 1.1.9. The system shall not allow authentication or platform access for accounts that are not i

[16] source=6c5380267c218234 type=SrcChunk hops=0 score=0.6736 chunk=6c5380267c218234 doc=JIRA-Lifecycle.md rel=VECTOR_SIMILARITY
 [
      {
        ""author"": ""Backend Engineer Tomas"",
        ""timestamp"": ""2026-02-12T14:20:00Z"",
        ""text"": ""RBAC (Role-Based Access Control) integrated. Only users with 'OPERATOR' or 'ADMIN' roles can trigger approval.""
      }
    ]
  },
  {
    ""ticket_id"": ""JIRA-LIFE-204"",
    ""summary"": ""Manual Rent Completion for Operators"",
    ""description"": ""Allow authorized users to manually trigger rent completion. This is required for early returns."",
    ""status"": ""In Progress"",
    ""comments"": [
      {
        ""author"": ""QA Engineer Marta"",
        ""timestamp"": ""2026-02-21T10:15:00Z"",
        ""text"": ""Clarification needed: If an operator completes a rent early, does the 'Maintenance' (v1.2) period start immediately, or only at the original end date?""
      }
    ]
  },
  {
  ""ticket_id"": ""JIRA-LIFE-205"",
  ""summary"": ""Bug: Penalty applied during early operator cancellation"",
  ""description"": ""An operator reported that a rent was stopped shortly after it became active, but the system still applied a penalty fee. Based on earlier lifecycle guidance, there may have been a short tolerance window in which this kind of early cancellation should not have triggered the charge."",
  ""s

[17] source=f5347fc41dbe1de1 type=SrcChunk hops=0 score=0.6451 chunk=f5347fc41dbe1de1 doc=TOOLCHAIN-CONF-RENT-01-v1.2.md rel=VECTOR_SIMILARITY
 Approved status.

## 2.5 Rent Completion and Maintenance
## 2.5.1 (REVISED) Upon reaching the rental end date, the system shall update the status to 'Maintenance'.
## 2.5.2 (REVISED) Maintenance duration is dynamic and depends on the specific Equipment Category as defined in the Maintenance Matrix.
## 2.5.3 After the maintenance period is completed, the status transitions to 'Available'.

## 2.6 Rent Cancellation
## 2.6.1 The system shall allow users to cancel rent records that are in Requested status.
## 2.6.2 (REVISED) The system shall allow authorized users to cancel rent records that are in Approved or Active status.
## 2.6.3 The system shall update the rent status to Cancelled when a rent is cancelled.
## 2.6.4 The system shall prevent cancellation of rent records that are already Completed or Cancelled.

## 2.7 Rent Modification Rules
## 2.7.1 The system shall allow modification of rent records only when the rent status is Requested.
## 2.7.2 The system shall prevent modification of rent records that are in Approved, Active, Completed, Rejected, or Cancelled status, unless explicitly permitted.
## 2.7.3 The system shall validate all changes before saving modifications.

## 2

[18] source=44723706e3ff4356 type=SrcChunk hops=0 score=0.6826 chunk=44723706e3ff4356 doc=JIRA-Lifecycle.md rel=VECTOR_SIMILARITY
tem still applied a penalty fee. Based on earlier lifecycle guidance, there may have been a short tolerance window in which this kind of early cancellation should not have triggered the charge."",
  ""status"": ""New"",
  ""comments"": [
    {
      ""author"": ""Developer Dave"",
      ""timestamp"": ""2026-02-21T09:00:00Z"",
      ""text"": ""I checked the current cancellation rules and they still allow stopping an active rent, but I cannot find the earlier exemption language that would have waived the penalty in the initial operator tolerance window. It may have been removed, or it may simply be missing from the latest write-up.""
    },
    {
      ""author"": ""PM Peter"",
      ""timestamp"": ""2026-02-21T11:00:00Z"",
      ""text"": ""This needs confirmation. If the newer lifecycle material dropped that exception without an explicit decision, we need to determine whether that was intentional or a documentation gap.""
    }
  ]
}
]

[19] source=9437222564f7ac64 type=SrcChunk hops=0 score=0.6885 chunk=9437222564f7ac64 doc=JIRA-Item.md rel=VECTOR_SIMILARITY
tion"": ""Implement the immediate status change for items (Available/Unavailable). Ensure items marked Unavailable cannot be rented."",
    ""status"": ""In Progress"",
    ""comments"": [
      {
        ""author"": ""Developer Dave"",
        ""timestamp"": ""2026-02-22T10:00:00Z"",
        ""text"": ""Logic check: If an item is currently 'Active' in a rent record, can an admin still set it to 'Unavailable'? The specification says status changes take effect immediately.""
      }
    ]
  },
  {
    ""ticket_id"": ""JIRA-ITEM-305"",
    ""summary"": ""Item Deletion Logic (Soft Delete)"",
    ""description"": ""Implement deletion of items using a soft-delete approach instead of physical removal. Prevent deletion when the item is still referenced by active rental activity, and confirm how the business deletion outcome should map to the current technical status model."",
    ""status"": ""To Do"",
    ""comments"": [
      {
        ""author"": ""Backend Engineer Tomas"",
        ""timestamp"": ""2026-02-22T12:00:00Z"",
        ""text"": ""Terminology check: the deletion outcome described in the specification does not map cleanly to the status values currently supported in the database. I need confirmation whether deleted items shou

[20] source=2b468c2425caf512 type=SrcChunk hops=0 score=0.7017 chunk=2b468c2425caf512 doc=CONF-AUTH-01.md rel=VECTOR_SIMILARITY
ystem shall set the account status to Pending upon successful registration and before email verification.
## 1.4.4 The system shall set the account status to Active after successful email verification.
## 1.4.5 The system shall allow the system administrator to change the account status to Suspended.
## 1.4.6 The system shall prevent Suspended accounts from authenticating and accessing the platform.
## 1.4.7 The system shall allow the system administrator to reactivate Suspended accounts by setting the status to Active.
## 1.4.8 The system shall allow the system administrator to set the account status to Deleted.
## 1.4.9 The system shall prevent Deleted accounts from authenticating and accessing the platform.
## 1.4.10 The system shall retain account data for Deleted accounts according to the data retention policy.
## 1.4.11 The system shall ensure that account status changes take effect immediately.

## 1.5. Session Management
## 1.5.1 The system shall create an authenticated session upon successful user authentication.
## 1.5.2 The system shall associate each session with a specific user account.
## 1.5.3 The system shall allow authenticated users to access protected resources o

[21] source=9978dc0dcd43a512 type=SrcChunk hops=0 score=0.6891 chunk=9978dc0dcd43a512 doc=JIRA-Item.md rel=VECTOR_SIMILARITY
"": ""Terminology check: the deletion outcome described in the specification does not map cleanly to the status values currently supported in the database. I need confirmation whether deleted items should reuse a non-rentable status or whether this requires a separate lifecycle value.""
      }
    ]
  }
]

[22] source=a4a287abb143e79a type=SrcChunk hops=0 score=0.6878 chunk=a4a287abb143e79a doc=JIRA-Rewards.md rel=VECTOR_SIMILARITY
nal buffer before charges apply.""
      }
    ]
  },
  {
    ""ticket_id"": ""JIRA-REW-905"",
    ""summary"": ""Penalty Dispute Workflow"",
    ""description"": ""Implement penalty dispute submission and resolution so users can challenge penalty outcomes and authorized staff can record the final decision together with any resulting adjustment."",
    ""status"": ""To Do""
  },
  {
    ""ticket_id"": ""JIRA-REW-906"",
    ""summary"": ""Adjustment Audit Logging"",
    ""description"": ""Log loyalty and penalty adjustments in a way that preserves traceability, supports controlled review, and remains compatible with the platform's broader privacy and auditability expectations."",
    ""status"": ""In Progress"",
    ""comments"": [
      {
        ""author"": ""Developer Dave"",
        ""timestamp"": ""2026-03-17T09:00:00Z"",
        ""text"": ""Auditability note: the requirement expects user-linked traceability for adjustments, but we should confirm whether direct user-identifying values belong in the raw adjustment log or whether authorized reviewers should resolve identities through a controlled lookup path.""
      }
    ]
  }
]

[23] source=69182d61c773aadd type=SrcChunk hops=0 score=0.6833 chunk=69182d61c773aadd doc=CONF-AUTH-01.md rel=VECTOR_SIMILARITY
# 1.3.6. The system shall allow users to initiate a password reset process if they forget their password.
## 1.3.7. The system shall require the user to provide their registered email address to initiate the password reset process.
## 1.3.8. The system shall send a password reset email containing a unique, time-limited reset link to the user's registered email address.
## 1.3.9. The system shall validate the reset link before allowing the user to set a new password.
## 1.3.10. The system shall allow the user to set a new password only if the reset link is valid and has not expired.
## 1.3.11. The system shall invalidate the reset link after successful password reset.
## 1.3.12. The system shall invalidate all active sessions after a successful password change or reset.

## 1.4. Account Status Management
## 1.4.1 The system shall assign a status to each user account.
## 1.4.2 The system shall support the following account statuses: Pending, Active, Suspended, and Deleted.
## 1.4.3 The system shall set the account status to Pending upon successful registration and before email verification.
## 1.4.4 The system shall set the account status to Active after successful email verification

[24] source=e6716dab172b3183 type=SrcChunk hops=0 score=0.6763 chunk=e6716dab172b3183 doc=JIRA-Availability.md rel=VECTOR_SIMILARITY
: ""Maintenance Period Management"",
    ""description"": ""Implement maintenance windows for items, ensure those periods block rental activity, and make the item appear non-rentable while the maintenance window is in effect."",
    ""status"": ""In Progress"",
    ""comments"": [
      {
        ""author"": ""Tomas"",
        ""timestamp"": ""2026-02-24T10:00:00Z"",
        ""text"": ""Current implementation path uses the existing non-rentable status handling for maintenance-related periods as well. We should confirm whether the user interface needs to distinguish maintenance from other forms of temporary unavailability.""
      }
    ]
  },
  {
    ""ticket_id"": ""JIRA-AVAIL-405"",
    ""summary"": ""Real-time Status Sync"",
    ""description"": ""Ensure availability changes are applied immediately when relevant rental lifecycle events or availability controls are updated."",
    ""status"": ""To Do""
  }
]

[25] source=ebea956274025791 type=SrcChunk hops=0 score=0.6744 chunk=ebea956274025791 doc=JIRA-Payment.md rel=VECTOR_SIMILARITY
ctations for the total, but it does not fully spell out how edge-case fractions should be handled at each calculation stage. I started with a simplified approach for partial-unit handling, but this needs confirmation before we freeze the behavior.""
      },
      {
        ""author"": ""QA Marta"",
        ""timestamp"": ""2026-03-01T14:00:00Z"",
        ""text"": ""Please verify the consistency of subtotal, tax, and final amount handling. A display-friendly simplification in one layer can still produce visible mismatches later if the stored and presented totals are derived differently.""
      },
      {
        ""author"": ""Developer Dave"",
        ""timestamp"": ""2026-03-04T15:00:00Z"",
        ""text"": ""UI note: finance asked for cleaner presentation in one of the pilot currency scenarios, so I explored a more compact display format there while keeping more precise values in the underlying records. We need confirmation that the user-facing total must always match the persisted billing amount exactly.""
      }
    ]
  },
  {
    ""ticket_id"": ""JIRA-PAY-603"",
    ""summary"": ""Invoice Generation Engine"",
    ""description"": ""Generate invoices for billable rental outcomes, assign stable invoice identif

[26] source=0013387e34dddff9 type=SrcChunk hops=0 score=0.6728 chunk=0013387e34dddff9 doc=TOOLCHAIN-CONF-RENTABLE-ITEM-01.md rel=VECTOR_SIMILARITY
ity status changes take effect immediately.

## 3.4 Item Deletion
## 3.4.1 The system shall allow authorized users to delete items.
## 3.4.2 The system shall prevent deletion of items that have Active rent records.
## 3.4.3 The system shall mark deleted items as Inactive instead of permanently removing them, unless explicitly configured otherwise.

## 3.5 Item Access Control
## 3.5.1 The system shall allow all authenticated users to view available items.
## 3.5.2 The system shall restrict item creation, modification, and deletion to authorized users.

[27] source=e633209b9a702ede type=SrcChunk hops=0 score=0.6724 chunk=e633209b9a702ede doc=CONF-AUTH-01.md rel=VECTOR_SIMILARITY
ion link.
## 1.1.8. Upon successful activation, the system shall update the account status to Active.
## 1.1.9. The system shall not allow authentication or platform access for accounts that are not in Active status.

## 1.2. User Authentication and Login
## 1.2.1. The system shall allow access to the platform only for authenticated users with an account status of Active.
## 1.2.2. The system shall require the user to provide their registered email address and password in order to authenticate.
## 1.2.3. The system shall validate the provided credentials against the stored account data.
## 1.2.4. If the provided credentials are valid and the account status is Active, the system shall authenticate the user and grant access to the platform.
## 1.2.5. If the provided credentials are invalid, the system shall deny access and display an appropriate error message.
## 1.2.6. The system shall deny authentication if the account status is not Active, including but not limited to Pending, Suspended, or Deleted statuses.
## 1.2.7. Upon successful authentication, the system shall create an authenticated session associated with the user.
## 1.2.8. The system shall maintain the authenticated sess

[28] source=56489466fbfffbaa type=SrcChunk hops=0 score=0.6705 chunk=56489466fbfffbaa doc=JIRA-Auth.md rel=VECTOR_SIMILARITY
The system shall not allow authentication or platform access for accounts that are not in Active status (e.g., Pending, Suspended, Deleted)."",
    ""comments"": []
  },
  {
    ""ticket_id"": ""JIRA-Auth-110"",
    ""summary"": ""Activation token - Enforce single-use"",
    ""description"": ""Activation tokens shall be single-use. After a successful activation, the system shall invalidate the activation token immediately to prevent reuse."",
    ""comments"": []
  },
  {
    ""ticket_id"": ""JIRA-Auth-111"",
    ""summary"": ""Support registration for multiple users sharing the same email address"",
    ""description"": ""In some use cases (e.g. family accounts or shared organizational email addresses), multiple users may attempt to register using the same email address. Instead of enforcing strict email uniqueness, we may allow multiple accountsto share the same email if another identifier (such as phone number) is unique. This would require adjusting the registration validation logic."",
    ""comments"": [
      {
        ""author"": ""QA Engineer Marta"",
        ""timestamp"": ""2026-02-16T10:41:00Z"",
        ""text"": ""This contradicts the SRS requirement that email must be unique. Please confirm expected behavior

[29] source=d1f9814887e95dcd type=SrcChunk hops=0 score=0.6699 chunk=d1f9814887e95dcd doc=JIRA-Auth.md rel=VECTOR_SIMILARITY
n - Send confirmation email with activation link"",
    ""description"": ""After successful registration, the system shall send an account activation email to the provided email address. The email shall contain a unique activation link."",
    ""comments"": [
      {
        ""author"": ""Security Engineer Viktor"",
        ""timestamp"": ""2026-02-15T13:40:00Z"",
        ""text"": ""Activation tokens must be cryptographically secure and time-limited. If stored, store hashed tokens.""
      }
    ]
  },
  {
    ""ticket_id"": ""JIRA-Auth-106"",
    ""summary"": ""Activation - Validate activation link and activate account"",
    ""description"": ""Implement activation flow. The system shall validate the activation link/token. If valid, the system shall update the account status from Pending to Active and allow platform access."",
    ""comments"": []
  },
  {
    ""ticket_id"": ""JIRA-Auth-107"",
    ""summary"": ""Activation - Reject invalid or expired tokens"",
    ""description"": ""The system shall reject activation requests that use invalid or expired activation tokens and show an appropriate error state."",
    ""comments"": []
  },
  {
  ""ticket_id"": ""JIRA-Auth-108"",
  ""summary"": ""Registration - Security hardening: Preven

[30] source=cb19aeaad55d5a74 type=SrcChunk hops=0 score=0.6644 chunk=cb19aeaad55d5a74 doc=JIRA-Rewards.md rel=VECTOR_SIMILARITY
[
  {
    ""ticket_id"": ""JIRA-REW-901"",
    ""summary"": ""Loyalty Points Accrual Logic"",
    ""description"": ""Implement loyalty point accrual for completed and successfully settled rental activity, and ensure awarded points are applied to the user account according to the configurable reward policy."",
    ""status"": ""In Progress"",
    ""comments"": [
      {
        ""author"": ""Developer Dave"",
        ""timestamp"": ""2026-03-15T10:00:00Z"",
        ""text"": ""Implementation note: the specification refers to configurable business rules for point awards, but the exact reward formula is not yet finalized. I need confirmation on whether beta should use a temporary default rule or wait for the configurable policy source.""
      }
    ]
  },
  {
    ""ticket_id"": ""JIRA-REW-902"",
    ""summary"": ""Points Redemption and Discount Handling"",
    ""description"": ""Allow loyalty point redemption during billing, validate that the user has sufficient balance, and ensure redemption is recorded consistently together with the related financial outcome."",
    ""status"": ""To Do""
  },
  {
    ""ticket_id"": ""JIRA-REW-903"",
    ""summary"": ""Loyalty Tier Automation"",
    ""description"": ""Implement configurable loyalty tier a

[31] source=22d80e39745d1186 type=SrcChunk hops=0 score=0.6637 chunk=22d80e39745d1186 doc=JIRA-Reporting.md rel=VECTOR_SIMILARITY
 truth to avoid mismatches between invoices and exported summaries.""
      }
    ]
  },
  {
    ""ticket_id"": ""JIRA-REP-703"",
    ""summary"": ""User Activity and Audit Logging"",
    ""description"": ""Implement user activity reporting and audit logging for critical system events, while preserving traceability and staying aligned with privacy constraints around what user-related data may appear in logs and operational views."",
    ""status"": ""In Progress"",
    ""comments"": [
      {
        ""author"": ""Developer Dave"",
        ""timestamp"": ""2026-03-07T08:30:00Z"",
        ""text"": ""Privacy note: the specification expects user-linked auditability, but the current compliance direction discourages exposing directly identifiable personal details in raw logs. I need confirmation on whether administrators should read these records through a controlled lookup layer rather than from the stored log entries alone.""
      }
    ]
  },
  {
    ""ticket_id"": ""JIRA-REP-704"",
    ""summary"": ""Audit Log Integrity"",
    ""description"": ""Ensure audit entries remain protected against unauthorized change or removal, and that the storage approach supports the integrity guarantees defined in the reporting and audit sp

[32] source=1d3d27d1a24b72f0 type=SrcChunk hops=0 score=0.6614 chunk=1d3d27d1a24b72f0 doc=JIRA-Auth.md rel=VECTOR_SIMILARITY
that use invalid or expired activation tokens and show an appropriate error state."",
    ""comments"": []
  },
  {
  ""ticket_id"": ""JIRA-Auth-108"",
  ""summary"": ""Registration - Security hardening: Prevent email enumeration"",
  ""description"": ""To prevent attackers from discovering registered users, the registration flow must use generic responses. \n\nRequirement:\nIf a user tries to register with an email address that is already in use, the system MUST NOT display an error message stating 'Email already exists'. \nInstead, it should display a generic message: 'If this email is valid, a message has been sent to it.'"",
  ""comments"": [
    {
      ""author"": ""Security Engineer Viktor"",
      ""timestamp"": ""2026-02-16T10:00:00Z"",
      ""text"": ""This is critical for OWA (OWASP) compliance. We cannot leak user existence through the registration form.""
    }
  ]
},
  {
    ""ticket_id"": ""JIRA-Auth-109"",
    ""summary"": ""Authentication gate - Block login for non-Active accounts"",
    ""description"": ""The system shall not allow authentication or platform access for accounts that are not in Active status (e.g., Pending, Suspended, Deleted)."",
    ""comments"": []
  },
  {
    ""ticket_id"": ""JIRA-Auth-1

[33] source=8f047482d7206346 type=SrcChunk hops=0 score=0.6589 chunk=8f047482d7206346 doc=JIRA-Availability.md rel=VECTOR_SIMILARITY
op the endpoint for checking whether an item can be rented within a requested period, ensuring the response reflects the latest rental and item-state information at query time."",
    ""status"": ""In Progress"",
    ""comments"": [
      {
        ""author"": ""QA Marta"",
        ""timestamp"": ""2026-02-23T11:00:00Z"",
        ""text"": ""Found an ambiguity in query results after the recent item-management changes. Records that are no longer operationally valid are being surfaced through the same availability wording used for temporarily blocked items, which may mislead users about whether the item is recoverable or simply not rentable at the moment.""
      }
    ]
  },
  {
    ""ticket_id"": ""JIRA-AVAIL-403"",
    ""summary"": ""Manual Availability Restrictions"",
    ""description"": ""Allow authorized users to define manual non-rentable periods and ensure those restrictions take precedence over otherwise rentable time windows."",
    ""status"": ""To Do""
  },
  {
    ""ticket_id"": ""JIRA-AVAIL-404"",
    ""summary"": ""Maintenance Period Management"",
    ""description"": ""Implement maintenance windows for items, ensure those periods block rental activity, and make the item appear non-rentable while the maintenance 

[34] source=39e8811963c4099a type=SrcChunk hops=0 score=0.6505 chunk=39e8811963c4099a doc=TOOLCHAIN-CONF-RENT-01.md rel=VECTOR_SIMILARITY
Approved status.

## 2.5 Rent Completion
## 2.5.1 The system shall update the rent status to Completed when the rental end date is reached.
## 2.5.2 The system shall allow authorized users to manually complete a rent.
## 2.5.3 The system shall prevent completion of rent records that are not in Active status.

## 2.6 Rent Cancellation
## 2.6.1 The system shall allow users to cancel rent records that are in Requested status.
## 2.6.2 The system shall allow authorized users to cancel rent records that are in Approved or Active status.
## 2.6.3 The system shall update the rent status to Cancelled when a rent is cancelled.
## 2.6.4 The system shall prevent cancellation of rent records that are already Completed or Cancelled.

## 2.7 Rent Modification Rules
## 2.7.1 The system shall allow modification of rent records only when the rent status is Requested.
## 2.7.2 The system shall prevent modification of rent records that are in Approved, Active, Completed, Rejected, or Cancelled status, unless explicitly permitted.
## 2.7.3 The system shall validate all changes before saving modifications.

## 2.8 Rent History and Audit
## 2.8.1 The system shall maintain the full lifecycle history of e

[35] source=c9549ababe52be5f type=SrcChunk hops=0 score=0.6472 chunk=c9549ababe52be5f doc=EMAIL_DATA_Internal_Audit_Discrepancy.txt rel=VECTOR_SIMILARITY
From: internal_audit@toolchain.com
Date: 2026-03-08 14:00
Subject: Review findings on reporting consistency

Hi Dev Team,

During our recent reporting review, we found several consistency issues that need clarification before the reporting package can be considered reliable for audit use.

First, the financial outputs do not appear to align cleanly across all billing contexts. In some cases, the figures shown in reports, exported files, and billing records seem to reflect different presentation or calculation assumptions.

Second, the activity and audit views currently favor a privacy-preserving identifier style that makes operational review harder for non-technical auditors. We need to confirm whether this is the intended audit model, or whether authorized reviewers should have access to a controlled identity-resolution path.

Third, exported reporting artifacts do not always appear to match the same underlying interpretation used elsewhere in the platform, which raises a broader question about which data representation should be treated as authoritative for audit purposes.

Please review and confirm the intended source-of-truth model for report generation, export, and audit visib

[36] source=66d61fc1f995d676 type=SrcChunk hops=0 score=0.7355 chunk=66d61fc1f995d676 doc=JIRA-Auth.md rel=VECTOR_SIMILARITY
 {
        ""author"": ""QA Engineer Marta"",
        ""timestamp"": ""2026-02-16T10:41:00Z"",
        ""text"": ""This contradicts the SRS requirement that email must be unique. Please confirm expected behavior.""
      }
    ]
  },
  {
  ""ticket_id"": ""JIRA-Auth-112"",
  ""summary"": ""Registration - Auto-cleanup for unactivated accounts and Data Retention"",
  ""description"": ""To comply with data minimization principles, the system shall automatically delete any user account that remains in 'Pending' status for more than 30 days. All associated personal data must be removed, except for minimal audit logs required by the retention policy."",
  ""comments"": [
    {
      ""author"": ""PM Peter"",
      ""timestamp"": ""2026-02-16T12:05:00Z"",
      ""text"": ""This is an enhancement beyond the initial SRS but aligns with GDPR data minimization.""
    },
    {
      ""author"": ""QA Engineer Marta"",
      ""timestamp"": ""2026-02-16T13:45:00Z"",
      ""text"": ""Logic Gap: If we delete the account after 30 days, what happens to the activation link sent in CONF-AUTH-01 1.5? The link has no expiry in the docs. We need to ensure the link doesn't trigger a 500 error on a non-existent account.""
    },
    {
      ""author"": ""Sec

[37] source=2fb79f7446b24909 type=SrcChunk hops=0 score=0.7124 chunk=2fb79f7446b24909 doc=JIRA-Auth.md rel=VECTOR_SIMILARITY
o the activation link sent in CONF-AUTH-01 1.5? The link has no expiry in the docs. We need to ensure the link doesn't trigger a 500 error on a non-existent account.""
    },
    {
      ""author"": ""Security Engineer Viktor"",
      ""timestamp"": ""2026-02-17T10:10:00Z"",
      ""text"": ""Clarification Needed: When a user manually requests account deletion, should it be immediate, or do we provide a 14-day 'grace period' for recovery before the permanent wipe?""
    }
  ]
},
  {
    ""ticket_id"": ""JIRA-Auth-113"",
    ""summary"": ""Registration - Password policy enforcement"",
    ""description"": ""Enforce password policy rules during registration and prevent weak passwords."",
    ""comments"": [
      {
        ""author"": ""Security Engineer Viktor"",
        ""timestamp"": ""2026-02-16T13:12:00Z"",
        ""text"": ""Missing details: minimum length, complexity requirements, common password blacklist, and whether passphrases are allowed.""
      }
    ],
    ""attachments"": [""EMAIL_CTO_Security_Update.txt""]
  },
{
  ""ticket_id"": ""JIRA-Auth-114"",
  ""summary"": ""Allow registration without phone number"",
  ""description"": ""Some users are reluctant to provide their phone number during registration. Consider making 

[38] source=854f7de27dc6118d type=SrcChunk hops=0 score=0.6732 chunk=854f7de27dc6118d doc=JIRA-Payment.md rel=VECTOR_SIMILARITY
.""
      }
    ]
  },
  {
    ""ticket_id"": ""JIRA-PAY-603"",
    ""summary"": ""Invoice Generation Engine"",
    ""description"": ""Generate invoices for billable rental outcomes, assign stable invoice identifiers, and store the invoice content together with the relevant rental and pricing details."",
    ""status"": ""To Do""
  },
  {
    ""ticket_id"": ""JIRA-PAY-604"",
    ""summary"": ""Payment Processing Integration"",
    ""description"": ""Implement payment handling, including payment-state tracking and linkage between payment, invoice, and rental records. Clarify how unsuccessful payment outcomes should affect downstream rental and availability behavior."",
    ""status"": ""In Progress"",
    ""comments"": [
      {
        ""author"": ""Tomas"",
        ""timestamp"": ""2026-03-02T09:00:00Z"",
        ""text"": ""There is a cross-module ambiguity here: when a payment attempt does not complete successfully, I do not yet know whether the related rental should remain operationally blocked, return to normal availability, or wait for a separate business decision.""
      }
    ]
  },
  {
    ""ticket_id"": ""JIRA-PAY-605"",
    ""summary"": ""Duplicate Payment Prevention"",
    ""description"": ""Implement idempotent payment prote

[39] source=dbdfe9579474ba43 type=SrcChunk hops=0 score=0.6702 chunk=dbdfe9579474ba43 doc=JIRA-Auth.md rel=VECTOR_SIMILARITY
be validated during registration?""
    },
    {
      ""author"": ""Developer Dave"",
      ""timestamp"": ""2026-02-15T11:05:00Z"",
      ""text"": ""Yes, we will accept common separators and normalize phone numbers to E.164 format.""
    },
    {
      ""author"": ""Backend Engineer Tomas"",
      ""timestamp"": ""2026-02-15T11:42:00Z"",
      ""text"": ""Yes, email format must be validated. The email must follow standard format: local-part@domain. The local part may contain letters, numbers, dots, hyphens, and underscores. The domain must contain at least one dot and valid domain name characters. Example of valid format: user.name@example.com""
    }
  ]
},
  {
    ""ticket_id"": ""JIRA-Auth-104"",
    ""summary"": ""Registration - Create Pending account after successful submission"",
    ""description"": ""Upon successful submission of the registration form, the system shall create a new user account with status set to Pending."",
    ""comments"": []
  },
  {
    ""ticket_id"": ""JIRA-Auth-105"",
    ""summary"": ""Activation - Send confirmation email with activation link"",
    ""description"": ""After successful registration, the system shall send an account activation email to the provided email address. The email shall c

[40] source=0374b1fefbab130e type=SrcChunk hops=0 score=0.6610 chunk=0374b1fefbab130e doc=JIRA-Payment.md rel=VECTOR_SIMILARITY
PAY-608"",
    ""summary"": ""Billing Access Control"",
    ""description"": ""Implement access control rules for billing records so users can view only their own financial history while authorized roles can review broader payment and invoice data."",
    ""status"": ""Closed""
  }
]

[41] source=7306d641eb9b0bb2 type=SrcChunk hops=0 score=0.6546 chunk=7306d641eb9b0bb2 doc=EMAIL_FINANCE_MultiCurrency_HACK.txt rel=VECTOR_SIMILARITY
cial records.

Best,
Finance Dept.

[42] source=2f105702c1c1c3f3 type=SrcChunk hops=0 score=0.6532 chunk=2f105702c1c1c3f3 doc=JIRA-Auth.md rel=VECTOR_SIMILARITY
t: Clear error messages"",
  ""description"": ""Our support team reports that users are confused by generic messages. We need to provide clear, actionable feedback during registration.\n\nRequirement:\nIf an email address is already registered, the system should clearly state: 'This email address is already registered. Please log in or reset your password.'"",
  ""comments"": [
    {
      ""author"": ""UX Writer Nora"",
      ""timestamp"": ""2026-02-17T09:30:00Z"",
      ""text"": ""Generic messages lead to high drop-off rates. Users think the system is broken if they don't get a specific reason for failure.""
    }
  ]
},
{
  ""ticket_id"": ""JIRA-Auth-116"",
  ""summary"": ""Initial login implementation without MFA"",
  ""description"": ""The first implementation of the login endpoint will support email and password authentication only. Multi-factor authentication (MFA) is part of the security roadmap, but will not be implemented in this sprint. Future iterations should extend the authentication flow to support a second factor when enabled."",
  ""comments"": [
    {
      ""author"": ""Developer Dave"",
      ""timestamp"": ""2026-02-18T10:00:00Z"",
      ""text"": ""Login logic is ready. MFA is not part of this sprint,

[43] source=e6fe5b64787f87a6 type=SrcChunk hops=0 score=0.6528 chunk=e6fe5b64787f87a6 doc=TOOLCHAIN-CONF-REWARDS&PANELTIES-01.md rel=VECTOR_SIMILARITY
ll allow users to submit disputes for penalties.
## 9.6.2 The system shall store dispute status including Open, Under Review, Approved, and Rejected.
## 9.6.3 The system shall allow authorized users to resolve disputes.
## 9.6.4 The system shall update penalty records based on dispute outcome.

## 9.7 Adjustment Integrity and Audit
## 9.7.1 The system shall log loyalty and penalty transactions.
## 9.7.2 The system shall store timestamp, user identifier, and adjustment details.
## 9.7.3 The system shall prevent unauthorized modification of loyalty or penalty records.
## 9.7.4 The system shall maintain complete adjustment history.

[44] source=1da852dd7949b438 type=SrcChunk hops=0 score=0.6505 chunk=1da852dd7949b438 doc=TOOLCHAIN-CONF-REPORTING-01.md rel=VECTOR_SIMILARITY
 users to generate reports of user activity.
## 7.3.2 The system shall include rent creation, modification, cancellation, and payment activity in user reports.
## 7.3.3 The system shall allow filtering user activity reports by user identifier.

## 7.4 Audit Logging
## 7.4.1 The system shall record audit logs for critical system events.
## 7.4.2 The system shall log rent lifecycle events.
## 7.4.3 The system shall log item management events.
## 7.4.4 The system shall log payment and billing events.
## 7.4.5 The system shall log authentication and authorization events.

## 7.5 Audit Log Content
## 7.5.1 The system shall include timestamp in audit log entries.
## 7.5.2 The system shall include user identifier in audit log entries.
## 7.5.3 The system shall include event type in audit log entries.
## 7.5.4 The system shall include event outcome in audit log entries.

## 7.6 Audit Log Integrity
## 7.6.1 The system shall ensure audit logs cannot be modified.
## 7.6.2 The system shall ensure audit logs cannot be deleted by unauthorized users.
## 7.6.3 The system shall ensure audit logs are securely stored.

## 7.7 Report Export
## 7.7.1 The system shall allow authorized users to export re

[45] source=beb42617cfc95144 type=SrcChunk hops=0 score=0.6476 chunk=beb42617cfc95144 doc=JIRA-Delivery-Control.md rel=VECTOR_SIMILARITY
arta"",
        ""timestamp"": ""2026-03-10T11:30:00Z"",
        ""text"": ""Please confirm how unsupported edge windows should appear in the user flow. There is a difference between a slot that is structurally outside delivery hours and one that is technically valid but already unavailable.""
      }
    ]
  },
  {
    ""ticket_id"": ""JIRA-DEL-803"",
    ""summary"": ""Delivery Status Lifecycle"",
    ""description"": ""Implement the delivery lifecycle flow and ensure the system can track operational delivery progress while keeping users informed when delivery state changes occur."",
    ""status"": ""Closed"",
    ""comments"": [
      {
        ""author"": ""Backend Engineer Tomas"",
        ""timestamp"": ""2026-03-11T09:20:00Z"",
        ""text"": ""The operational status progression is implemented, but we should confirm whether all internal delivery transitions are meant to be exposed directly to users or whether some should remain back-office only.""
      }
    ]
  },
  {
    ""ticket_id"": ""JIRA-DEL-804"",
    ""summary"": ""Delivery Fee Calculation"",
    ""description"": ""Implement delivery fee calculation according to the configured logistics rules and ensure applicable delivery charges flow into billing in a consis

[46] source=1531165a3c8df366 type=SrcChunk hops=0 score=0.6458 chunk=1531165a3c8df366 doc=JIRA-Notifications.md rel=VECTOR_SIMILARITY
imestamp"": ""2026-02-25T14:00:00Z"",
        ""text"": ""Please confirm which identifier wording should appear in outbound messages. The specification and the warehouse-facing screens do not use exactly the same term, and I want to avoid sending emails that confuse end users.""
      }
    ]
  },
  {
    ""ticket_id"": ""JIRA-NOTIF-506"",
    ""summary"": ""User Notification Preferences"",
    ""description"": ""Allow users to manage notification preferences by category, while clarifying whether any event classes are considered business-critical and therefore not fully optional."",
    ""status"": ""In Progress"",
    ""comments"": [
      {
        ""author"": ""Developer Dave"",
        ""timestamp"": ""2026-02-26T10:00:00Z"",
        ""text"": ""There is a policy ambiguity here: product preference settings suggest broad user control, but management feedback indicates that some approval-related messages may need to remain non-optional. I need confirmation before deciding whether these events should bypass normal preference filtering.""
      }
    ]
  },
  {
    ""ticket_id"": ""JIRA-NOTIF-507"",
    ""summary"": ""Notification Event Logging"",
    ""description"": ""Log notification generation and delivery outcomes so author

[47] source=9694bf5bcf380db0 type=SrcChunk hops=0 score=0.6869 chunk=9694bf5bcf380db0 doc=JIRA-Payment.md rel=VECTOR_SIMILARITY
or wait for a separate business decision.""
      }
    ]
  },
  {
    ""ticket_id"": ""JIRA-PAY-605"",
    ""summary"": ""Duplicate Payment Prevention"",
    ""description"": ""Implement idempotent payment protection so the same invoice cannot be settled multiple times through repeated requests or retries."",
    ""status"": ""To Do""
  },
  {
    ""ticket_id"": ""JIRA-PAY-606"",
    ""summary"": ""Refund Management Logic"",
    ""description"": ""Support authorized refund handling while preserving traceability to the original payment and ensuring the refunded amount remains within the permitted financial boundary."",
    ""status"": ""To Do""
  },
  {
    ""ticket_id"": ""JIRA-PAY-607"",
    ""summary"": ""Billing History and Immutability"",
    ""description"": ""Implement billing history access and preserve the immutability expectations of completed financial records so users and administrators can review prior invoices and payments without altering finalized outcomes."",
    ""status"": ""To Do""
  },
  {
    ""ticket_id"": ""JIRA-PAY-608"",
    ""summary"": ""Billing Access Control"",
    ""description"": ""Implement access control rules for billing records so users can view only their own financial history while authorized roles can ","Generated 10 executable Gherkin tests for R6 (Pending-account cleanup). Tests cover the core requirement of automatic deletion of Pending accounts after 30 days, account lifecycle transitions, data removal compliance, and exception scenarios around manual deletion grace periods and activation link behavior post-cleanup. Tests are grounded in operative context from PRIMARY evidence E1 and E4, with supporting lifecycle context from E2, E5, E15, E20, and known issue references E13, E14.",System shall automatically delete any user account that remains in Pending status for more than 30 days || ystem shall set the account status to Pending upon successful registration and before email verification. || Account status changes take effect immediately,Manual account deletion may require a 14-day grace period for recovery before permanent wipe (unconfirmed) || Activation links have no documented expiry and may trigger errors on non-existent accounts after cleanup,,,E1|E2|E4|E5|E13|E14|E15|E20,"R6 targets pending-account cleanup. PRIMARY evidence E1 and E4 establish the core requirement: automatic deletion of Pending accounts after 30 days with removal of associated personal data except audit logs (GDPR data minimization). E2, E5, E15, E20 provide account lifecycle context showing Pending status is set upon registration and blocks authentication. E13 and E14 identify the activation expiry/pending cleanup gap as a known issue. E4 raises unresolved questions about manual deletion grace periods and activation link behavior post-cleanup. The 30-day automatic cleanup rule is clearly stated in PRIMARY evidence and should be operative. However, the interaction with activation links (no expiry documented) and manual deletion procedures (grace period unconfirmed) remain gaps that affect test design. Filtered abstract or low-relevance operative statements: All associated personal data must be removed upon automatic deletion, except for minimal audit logs required by retention policy | Pending accounts are created upon successful registration before email verification | Pending accounts cannot authenticate or access the platform",1,0,0,0
1cb52207,R6,hybrid,full,anthropic,claude-haiku-4-5-20251001,2,2026-07-03.v3,R6_3,Account status changes take effect immediately,"Feature: Account Status Transitions
  Scenario: Status change to Pending takes effect immediately
    Given a user completes registration
    When the system sets the account status to Pending
    Then the status change should be reflected immediately
    And no delay should occur before the new status is active","Operative context specifies that account status changes take effect immediately, ensuring that Pending status is active without delay for cleanup tracking purposes.",E15|E20,Account status changes take effect immediately,0013387e34dddff9|0374b1fefbab130e|1531165a3c8df366|1d3d27d1a24b72f0|1da852dd7949b438|22d80e39745d1186|2b468c2425caf512|2f105702c1c1c3f3|2fb79f7446b24909|39e8811963c4099a|44723706e3ff4356|56489466fbfffbaa|66d61fc1f995d676|69182d61c773aadd|6c5380267c218234|7306d641eb9b0bb2|854f7de27dc6118d|8f047482d7206346|8f9c14a11698d93e|9437222564f7ac64|9694bf5bcf380db0|9978dc0dcd43a512|A44|A5|A8|C1|G1|G63|G93c|I3|I4|R6|a4a287abb143e79a|beb42617cfc95144|c9549ababe52be5f|cb19aeaad55d5a74|d1f9814887e95dcd|dbdfe9579474ba43|e633209b9a702ede|e6716dab172b3183|e6fe5b64787f87a6|ebea956274025791|f5347fc41dbe1de1,Pending-account cleanup,Pending-account cleanup,"[1] source=R6 type=Requirement/SrcChunk hops=0 chunk=66d61fc1f995d676 doc=JIRA-Auth.md rel=TARGET
 {
        ""author"": ""QA Engineer Marta"",
        ""timestamp"": ""2026-02-16T10:41:00Z"",
        ""text"": ""This contradicts the SRS requirement that email must be unique. Please confirm expected behavior.""
      }
    ]
  },
  {
  ""ticket_id"": ""JIRA-Auth-112"",
  ""summary"": ""Registration - Auto-cleanup for unactivated accounts and Data Retention"",
  ""description"": ""To comply with data minimization principles, the system shall automatically delete any user account that remains in 'Pending' status for more than 30 days. All associated personal data must be removed, except for minimal audit logs required by the retention policy."",
  ""comments"": [
    {
      ""author"": ""PM Peter"",
      ""timestamp"": ""2026-02-16T12:05:00Z"",
      ""text"": ""This is an enhancement beyond the initial SRS but aligns with GDPR data minimization.""
    },
    {
      ""author"": ""QA Engineer Marta"",
      ""timestamp"": ""2026-02-16T13:45:00Z"",
      ""text"": ""Logic Gap: If we delete the account after 30 days, what happens to the activation link sent in CONF-AUTH-01 1.5? The link has no expiry in the docs. We need to ensure the link doesn't trigger a 500 error on a non-existent account.""
    },
    {
      ""author"": ""Sec

[2] source=R6 type=Requirement/SrcChunk hops=0 chunk=2b468c2425caf512 doc=CONF-AUTH-01.md rel=TARGET
ystem shall set the account status to Pending upon successful registration and before email verification.
## 1.4.4 The system shall set the account status to Active after successful email verification.
## 1.4.5 The system shall allow the system administrator to change the account status to Suspended.
## 1.4.6 The system shall prevent Suspended accounts from authenticating and accessing the platform.
## 1.4.7 The system shall allow the system administrator to reactivate Suspended accounts by setting the status to Active.
## 1.4.8 The system shall allow the system administrator to set the account status to Deleted.
## 1.4.9 The system shall prevent Deleted accounts from authenticating and accessing the platform.
## 1.4.10 The system shall retain account data for Deleted accounts according to the data retention policy.
## 1.4.11 The system shall ensure that account status changes take effect immediately.

## 1.5. Session Management
## 1.5.1 The system shall create an authenticated session upon successful user authentication.
## 1.5.2 The system shall associate each session with a specific user account.
## 1.5.3 The system shall allow authenticated users to access protected resources o

[3] source=R6 type=Requirement hops=0 rel=TARGET
Pending-account cleanup

[4] source=R6 type=Requirement/SrcChunk hops=0 chunk=2fb79f7446b24909 doc=JIRA-Auth.md rel=TARGET
o the activation link sent in CONF-AUTH-01 1.5? The link has no expiry in the docs. We need to ensure the link doesn't trigger a 500 error on a non-existent account.""
    },
    {
      ""author"": ""Security Engineer Viktor"",
      ""timestamp"": ""2026-02-17T10:10:00Z"",
      ""text"": ""Clarification Needed: When a user manually requests account deletion, should it be immediate, or do we provide a 14-day 'grace period' for recovery before the permanent wipe?""
    }
  ]
},
  {
    ""ticket_id"": ""JIRA-Auth-113"",
    ""summary"": ""Registration - Password policy enforcement"",
    ""description"": ""Enforce password policy rules during registration and prevent weak passwords."",
    ""comments"": [
      {
        ""author"": ""Security Engineer Viktor"",
        ""timestamp"": ""2026-02-16T13:12:00Z"",
        ""text"": ""Missing details: minimum length, complexity requirements, common password blacklist, and whether passphrases are allowed.""
      }
    ],
    ""attachments"": [""EMAIL_CTO_Security_Update.txt""]
  },
{
  ""ticket_id"": ""JIRA-Auth-114"",
  ""summary"": ""Allow registration without phone number"",
  ""description"": ""Some users are reluctant to provide their phone number during registration. Consider making 

[5] source=I4 type=Implementation/SrcChunk hops=1 chunk=8f9c14a11698d93e doc=CONF-AUTH-01.md rel=REFINES
# Documentum ID: TOOLCHAIN-CONF-AUTH-01
# Description: User account registration and lifecycle management
# Status: Effective (v1.0)

## 1 User account registration and lifecycle management

## 1.1 User registration and account activation
## 1.1.1 The user must register in order to access the platform.
## 1.1.2. During registration, the system shall require the user to provide the following mandatory information: first name, last name, phone number, email address
## 1.1.3. The system shall validate that the provided email address is unique and not already associated with an existing account.
## 1.1.4. Upon successful submission of the registration form, the system shall create a new user account with a status of Pending.
## 1.1.5. The system shall send an account activation email to the provided email address containing a unique activation link.
## 1.1.6. The user must activate their account by accessing the activation link.
## 1.1.7. The system shall verify the validity of the activation link.
## 1.1.8. Upon successful activation, the system shall update the account status to Active.
## 1.1.9. The system shall not allow authentication or platform access for accounts that are not i

[6] source=G63 type=Gap/SrcChunk hops=2 chunk=cc00a9173697dc7d doc=JIRA-Payment.md rel=IN_DOC > IN_DOC
[
  {
    ""ticket_id"": ""JIRA-PAY-601"",
    ""summary"": ""Pricing Configuration Service"",
    ""description"": ""Implement the pricing configuration layer so authorized users can define rental pricing structures and apply them consistently to rentable items without retroactively changing already established rental records."",
    ""status"": ""Closed""
  },
  {
    ""ticket_id"": ""JIRA-PAY-602"",
    ""summary"": ""Price Calculation and Precision"",
    ""description"": ""Implement rental cost calculation based on duration and pricing rules, and make sure the resulting amount is derived consistently across calculation, storage, and user-facing display. International billing and currency presentation should be treated as a related operational concern, but must not silently override the core pricing logic."",
    ""status"": ""In Progress"",
    ""comments"": [
      {
        ""author"": ""Developer Dave"",
        ""timestamp"": ""2026-03-01T10:00:00Z"",
        ""text"": ""The current specification defines correctness expectations for the total, but it does not fully spell out how edge-case fractions should be handled at each calculation stage. I started with a simplified approach for partial-unit handling, but this ne

[7] source=G1 type=Gap/SrcChunk hops=1 chunk=1d3d27d1a24b72f0 doc=JIRA-Auth.md rel=AFFECTS
that use invalid or expired activation tokens and show an appropriate error state."",
    ""comments"": []
  },
  {
  ""ticket_id"": ""JIRA-Auth-108"",
  ""summary"": ""Registration - Security hardening: Prevent email enumeration"",
  ""description"": ""To prevent attackers from discovering registered users, the registration flow must use generic responses. \n\nRequirement:\nIf a user tries to register with an email address that is already in use, the system MUST NOT display an error message stating 'Email already exists'. \nInstead, it should display a generic message: 'If this email is valid, a message has been sent to it.'"",
  ""comments"": [
    {
      ""author"": ""Security Engineer Viktor"",
      ""timestamp"": ""2026-02-16T10:00:00Z"",
      ""text"": ""This is critical for OWA (OWASP) compliance. We cannot leak user existence through the registration form.""
    }
  ]
},
  {
    ""ticket_id"": ""JIRA-Auth-109"",
    ""summary"": ""Authentication gate - Block login for non-Active accounts"",
    ""description"": ""The system shall not allow authentication or platform access for accounts that are not in Active status (e.g., Pending, Suspended, Deleted)."",
    ""comments"": []
  },
  {
    ""ticket_id"": ""JIRA-Auth-1

[8] source=G1 type=Gap hops=1 rel=AFFECTS
Activation expiry / pending cleanup gap

[9] source=I3 type=Implementation/SrcChunk hops=2 chunk=56489466fbfffbaa doc=JIRA-Auth.md rel=IN_DOC > IN_DOC
The system shall not allow authentication or platform access for accounts that are not in Active status (e.g., Pending, Suspended, Deleted)."",
    ""comments"": []
  },
  {
    ""ticket_id"": ""JIRA-Auth-110"",
    ""summary"": ""Activation token - Enforce single-use"",
    ""description"": ""Activation tokens shall be single-use. After a successful activation, the system shall invalidate the activation token immediately to prevent reuse."",
    ""comments"": []
  },
  {
    ""ticket_id"": ""JIRA-Auth-111"",
    ""summary"": ""Support registration for multiple users sharing the same email address"",
    ""description"": ""In some use cases (e.g. family accounts or shared organizational email addresses), multiple users may attempt to register using the same email address. Instead of enforcing strict email uniqueness, we may allow multiple accountsto share the same email if another identifier (such as phone number) is unique. This would require adjusting the registration validation logic."",
    ""comments"": [
      {
        ""author"": ""QA Engineer Marta"",
        ""timestamp"": ""2026-02-16T10:41:00Z"",
        ""text"": ""This contradicts the SRS requirement that email must be unique. Please confirm expected behavior

[10] source=G93c type=Gap/SrcChunk hops=2 chunk=ebea956274025791 doc=JIRA-Payment.md rel=IN_DOC > IN_DOC
ctations for the total, but it does not fully spell out how edge-case fractions should be handled at each calculation stage. I started with a simplified approach for partial-unit handling, but this needs confirmation before we freeze the behavior.""
      },
      {
        ""author"": ""QA Marta"",
        ""timestamp"": ""2026-03-01T14:00:00Z"",
        ""text"": ""Please verify the consistency of subtotal, tax, and final amount handling. A display-friendly simplification in one layer can still produce visible mismatches later if the stored and presented totals are derived differently.""
      },
      {
        ""author"": ""Developer Dave"",
        ""timestamp"": ""2026-03-04T15:00:00Z"",
        ""text"": ""UI note: finance asked for cleaner presentation in one of the pilot currency scenarios, so I explored a more compact display format there while keeping more precise values in the underlying records. We need confirmation that the user-facing total must always match the persisted billing amount exactly.""
      }
    ]
  },
  {
    ""ticket_id"": ""JIRA-PAY-603"",
    ""summary"": ""Invoice Generation Engine"",
    ""description"": ""Generate invoices for billable rental outcomes, assign stable invoice identif

[11] source=C1 type=Communication/SrcChunk hops=2 chunk=6bb3b84e337f31dc doc=JIRA-Auth.md rel=IN_DOC > IN_DOC
nd whether hyphens/accents are allowed in names.""
      },
      {
        ""author"": ""Developer Dave"",
        ""timestamp"": ""2026-02-15T14:38:00Z"",
        ""text"": ""Leading/trailing spaces will be trimmed. Hyphens and accents are allowed.""
      },
      {
        ""author"": ""QA Engineer Marta"",
        ""timestamp"": ""2026-02-16T07:16:00Z"",
        ""text"": ""Will first and last names be entered in separate fields? Will we support a middle name?""
      },
      {
        ""author"": ""PM Peter"",
        ""timestamp"": ""2026-02-16T12:58:00Z"",
        ""text"": ""First and last name are separate fields. Middle name is optional.""
      },
      {
        ""author"": ""QA Engineer Marta"",
        ""timestamp"": ""2026-02-16T16:43:00Z"",
        ""text"": ""Do we support double surnames or special characters (e.g. apostrophe in O'Connor)?""
      }
    ],
	""attachments"": [""EMAIL_LEGAL_GDPR_Compliance.txt""]
  },
  {
    ""ticket_id"": ""JIRA-Auth-102"",
    ""summary"": ""Registration - Email uniqueness validation"",
    ""description"": ""Validate that the email address provided during registration is unique and not already associated with an existing account. Uniqueness validation shall be case-insensitive."",
    ""comm

[12] source=A5 type=Actor/SrcChunk hops=2 chunk=b046296a3e9c6aab doc=JIRA-Auth.md rel=IN_DOC > IN_DOC
""description"": ""Validate that the email address provided during registration is unique and not already associated with an existing account. Uniqueness validation shall be case-insensitive."",
    ""comments"": [
      {
        ""author"": ""QA Engineer Marta"",
        ""timestamp"": ""2026-02-15T08:22:00Z"",
        ""text"": ""Should email addresses be case-sensitive when checking for uniqueness? (e.g. Test@t.com = test@t.com?)""
      }
    ]
  },
{
  ""ticket_id"": ""JIRA-Auth-103"",
  ""summary"": ""Registration - Phone number validation and normalization"",
  ""description"": ""Validate phone number format during registration and store it in normalized E.164 format. Reject invalid formats and normalize acceptable inputs."",
  ""comments"": [
    {
      ""author"": ""QA Engineer Marta"",
      ""timestamp"": ""2026-02-15T10:22:00Z"",
      ""text"": ""Please confirm whether we accept spaces, parentheses, and dashes in phone number input (e.g., +36 (30) 123-4567) and normalize it. Also, should the email address format be validated during registration?""
    },
    {
      ""author"": ""Developer Dave"",
      ""timestamp"": ""2026-02-15T11:05:00Z"",
      ""text"": ""Yes, we will accept common separators and normalize phone nu

[13] source=A8 type=Actor/SrcChunk hops=2 chunk=ce4209d8f88ab7e7 doc=JIRA-Auth.md rel=IN_DOC > IN_DOC
[
  {
    ""ticket_id"": ""JIRA-Auth-101"",
    ""summary"": ""Registration - Create account with mandatory fields"",
    ""description"": ""Implement user registration functionality. The system shall require first name, last name, phone number, email address, and password. All fields are mandatory and must be validated before submission. \n\nAdditionally, the form must include:\n1. A single 'Terms and Conditions' checkbox that represents acceptance of both the Terms of Service and Privacy Policy.\n2. A 'Submit' button that remains disabled until all mandatory fields are filled and the legal consent checkbox is checked."",
    ""comments"": [
      {
        ""author"": ""Tool Master Lesly"",
        ""timestamp"": ""2026-02-15T09:00:00Z"",
        ""text"": ""Name fields must be limited to 50 characters due to database constraints.""
      },
      {
        ""author"": ""QA Engineer Marta"",
        ""timestamp"": ""2026-02-15T09:09:00Z"",
        ""text"": ""Please clarify if leading/trailing spaces should be trimmed and whether hyphens/accents are allowed in names.""
      },
      {
        ""author"": ""Developer Dave"",
        ""timestamp"": ""2026-02-15T14:38:00Z"",
        ""text"": ""Leading/trailing spaces will be tri

[14] source=A44 type=Actor/SrcChunk hops=2 chunk=c48c34de8cf76bce doc=EMAIL_SUPPORT_Emergency_Override.txt rel=IN_DOC > IN_DOC
From: support_lead@toolchain.com
Date: 2026-02-24 15:30
Subject: Escalation: exception handling for priority customers

Hi Dev Team,

Support keeps running into cases where a high-priority customer wants to secure an item even though the system currently treats the time window as blocked because of another pending request.

Operationally, the team is asking whether specially authorized staff should be able to intervene in those cases and resolve the conflict manually, rather than forcing the customer to wait for the ordinary availability flow to clear on its own. In practice this would mean allowing a priority booking path to take precedence over weaker, not-yet-confirmed demand.

Please do not treat this as confirmed product policy yet. We need guidance on whether this should remain a support-side exception process, or whether the booking logic itself is expected to support it.

Regards,
Sarah (Support Lead)

[15] source=8f9c14a11698d93e type=SrcChunk hops=0 score=0.6735 chunk=8f9c14a11698d93e doc=CONF-AUTH-01.md rel=VECTOR_SIMILARITY
# Documentum ID: TOOLCHAIN-CONF-AUTH-01
# Description: User account registration and lifecycle management
# Status: Effective (v1.0)

## 1 User account registration and lifecycle management

## 1.1 User registration and account activation
## 1.1.1 The user must register in order to access the platform.
## 1.1.2. During registration, the system shall require the user to provide the following mandatory information: first name, last name, phone number, email address
## 1.1.3. The system shall validate that the provided email address is unique and not already associated with an existing account.
## 1.1.4. Upon successful submission of the registration form, the system shall create a new user account with a status of Pending.
## 1.1.5. The system shall send an account activation email to the provided email address containing a unique activation link.
## 1.1.6. The user must activate their account by accessing the activation link.
## 1.1.7. The system shall verify the validity of the activation link.
## 1.1.8. Upon successful activation, the system shall update the account status to Active.
## 1.1.9. The system shall not allow authentication or platform access for accounts that are not i

[16] source=6c5380267c218234 type=SrcChunk hops=0 score=0.6736 chunk=6c5380267c218234 doc=JIRA-Lifecycle.md rel=VECTOR_SIMILARITY
 [
      {
        ""author"": ""Backend Engineer Tomas"",
        ""timestamp"": ""2026-02-12T14:20:00Z"",
        ""text"": ""RBAC (Role-Based Access Control) integrated. Only users with 'OPERATOR' or 'ADMIN' roles can trigger approval.""
      }
    ]
  },
  {
    ""ticket_id"": ""JIRA-LIFE-204"",
    ""summary"": ""Manual Rent Completion for Operators"",
    ""description"": ""Allow authorized users to manually trigger rent completion. This is required for early returns."",
    ""status"": ""In Progress"",
    ""comments"": [
      {
        ""author"": ""QA Engineer Marta"",
        ""timestamp"": ""2026-02-21T10:15:00Z"",
        ""text"": ""Clarification needed: If an operator completes a rent early, does the 'Maintenance' (v1.2) period start immediately, or only at the original end date?""
      }
    ]
  },
  {
  ""ticket_id"": ""JIRA-LIFE-205"",
  ""summary"": ""Bug: Penalty applied during early operator cancellation"",
  ""description"": ""An operator reported that a rent was stopped shortly after it became active, but the system still applied a penalty fee. Based on earlier lifecycle guidance, there may have been a short tolerance window in which this kind of early cancellation should not have triggered the charge."",
  ""s

[17] source=f5347fc41dbe1de1 type=SrcChunk hops=0 score=0.6451 chunk=f5347fc41dbe1de1 doc=TOOLCHAIN-CONF-RENT-01-v1.2.md rel=VECTOR_SIMILARITY
 Approved status.

## 2.5 Rent Completion and Maintenance
## 2.5.1 (REVISED) Upon reaching the rental end date, the system shall update the status to 'Maintenance'.
## 2.5.2 (REVISED) Maintenance duration is dynamic and depends on the specific Equipment Category as defined in the Maintenance Matrix.
## 2.5.3 After the maintenance period is completed, the status transitions to 'Available'.

## 2.6 Rent Cancellation
## 2.6.1 The system shall allow users to cancel rent records that are in Requested status.
## 2.6.2 (REVISED) The system shall allow authorized users to cancel rent records that are in Approved or Active status.
## 2.6.3 The system shall update the rent status to Cancelled when a rent is cancelled.
## 2.6.4 The system shall prevent cancellation of rent records that are already Completed or Cancelled.

## 2.7 Rent Modification Rules
## 2.7.1 The system shall allow modification of rent records only when the rent status is Requested.
## 2.7.2 The system shall prevent modification of rent records that are in Approved, Active, Completed, Rejected, or Cancelled status, unless explicitly permitted.
## 2.7.3 The system shall validate all changes before saving modifications.

## 2

[18] source=44723706e3ff4356 type=SrcChunk hops=0 score=0.6826 chunk=44723706e3ff4356 doc=JIRA-Lifecycle.md rel=VECTOR_SIMILARITY
tem still applied a penalty fee. Based on earlier lifecycle guidance, there may have been a short tolerance window in which this kind of early cancellation should not have triggered the charge."",
  ""status"": ""New"",
  ""comments"": [
    {
      ""author"": ""Developer Dave"",
      ""timestamp"": ""2026-02-21T09:00:00Z"",
      ""text"": ""I checked the current cancellation rules and they still allow stopping an active rent, but I cannot find the earlier exemption language that would have waived the penalty in the initial operator tolerance window. It may have been removed, or it may simply be missing from the latest write-up.""
    },
    {
      ""author"": ""PM Peter"",
      ""timestamp"": ""2026-02-21T11:00:00Z"",
      ""text"": ""This needs confirmation. If the newer lifecycle material dropped that exception without an explicit decision, we need to determine whether that was intentional or a documentation gap.""
    }
  ]
}
]

[19] source=9437222564f7ac64 type=SrcChunk hops=0 score=0.6885 chunk=9437222564f7ac64 doc=JIRA-Item.md rel=VECTOR_SIMILARITY
tion"": ""Implement the immediate status change for items (Available/Unavailable). Ensure items marked Unavailable cannot be rented."",
    ""status"": ""In Progress"",
    ""comments"": [
      {
        ""author"": ""Developer Dave"",
        ""timestamp"": ""2026-02-22T10:00:00Z"",
        ""text"": ""Logic check: If an item is currently 'Active' in a rent record, can an admin still set it to 'Unavailable'? The specification says status changes take effect immediately.""
      }
    ]
  },
  {
    ""ticket_id"": ""JIRA-ITEM-305"",
    ""summary"": ""Item Deletion Logic (Soft Delete)"",
    ""description"": ""Implement deletion of items using a soft-delete approach instead of physical removal. Prevent deletion when the item is still referenced by active rental activity, and confirm how the business deletion outcome should map to the current technical status model."",
    ""status"": ""To Do"",
    ""comments"": [
      {
        ""author"": ""Backend Engineer Tomas"",
        ""timestamp"": ""2026-02-22T12:00:00Z"",
        ""text"": ""Terminology check: the deletion outcome described in the specification does not map cleanly to the status values currently supported in the database. I need confirmation whether deleted items shou

[20] source=2b468c2425caf512 type=SrcChunk hops=0 score=0.7017 chunk=2b468c2425caf512 doc=CONF-AUTH-01.md rel=VECTOR_SIMILARITY
ystem shall set the account status to Pending upon successful registration and before email verification.
## 1.4.4 The system shall set the account status to Active after successful email verification.
## 1.4.5 The system shall allow the system administrator to change the account status to Suspended.
## 1.4.6 The system shall prevent Suspended accounts from authenticating and accessing the platform.
## 1.4.7 The system shall allow the system administrator to reactivate Suspended accounts by setting the status to Active.
## 1.4.8 The system shall allow the system administrator to set the account status to Deleted.
## 1.4.9 The system shall prevent Deleted accounts from authenticating and accessing the platform.
## 1.4.10 The system shall retain account data for Deleted accounts according to the data retention policy.
## 1.4.11 The system shall ensure that account status changes take effect immediately.

## 1.5. Session Management
## 1.5.1 The system shall create an authenticated session upon successful user authentication.
## 1.5.2 The system shall associate each session with a specific user account.
## 1.5.3 The system shall allow authenticated users to access protected resources o

[21] source=9978dc0dcd43a512 type=SrcChunk hops=0 score=0.6891 chunk=9978dc0dcd43a512 doc=JIRA-Item.md rel=VECTOR_SIMILARITY
"": ""Terminology check: the deletion outcome described in the specification does not map cleanly to the status values currently supported in the database. I need confirmation whether deleted items should reuse a non-rentable status or whether this requires a separate lifecycle value.""
      }
    ]
  }
]

[22] source=a4a287abb143e79a type=SrcChunk hops=0 score=0.6878 chunk=a4a287abb143e79a doc=JIRA-Rewards.md rel=VECTOR_SIMILARITY
nal buffer before charges apply.""
      }
    ]
  },
  {
    ""ticket_id"": ""JIRA-REW-905"",
    ""summary"": ""Penalty Dispute Workflow"",
    ""description"": ""Implement penalty dispute submission and resolution so users can challenge penalty outcomes and authorized staff can record the final decision together with any resulting adjustment."",
    ""status"": ""To Do""
  },
  {
    ""ticket_id"": ""JIRA-REW-906"",
    ""summary"": ""Adjustment Audit Logging"",
    ""description"": ""Log loyalty and penalty adjustments in a way that preserves traceability, supports controlled review, and remains compatible with the platform's broader privacy and auditability expectations."",
    ""status"": ""In Progress"",
    ""comments"": [
      {
        ""author"": ""Developer Dave"",
        ""timestamp"": ""2026-03-17T09:00:00Z"",
        ""text"": ""Auditability note: the requirement expects user-linked traceability for adjustments, but we should confirm whether direct user-identifying values belong in the raw adjustment log or whether authorized reviewers should resolve identities through a controlled lookup path.""
      }
    ]
  }
]

[23] source=69182d61c773aadd type=SrcChunk hops=0 score=0.6833 chunk=69182d61c773aadd doc=CONF-AUTH-01.md rel=VECTOR_SIMILARITY
# 1.3.6. The system shall allow users to initiate a password reset process if they forget their password.
## 1.3.7. The system shall require the user to provide their registered email address to initiate the password reset process.
## 1.3.8. The system shall send a password reset email containing a unique, time-limited reset link to the user's registered email address.
## 1.3.9. The system shall validate the reset link before allowing the user to set a new password.
## 1.3.10. The system shall allow the user to set a new password only if the reset link is valid and has not expired.
## 1.3.11. The system shall invalidate the reset link after successful password reset.
## 1.3.12. The system shall invalidate all active sessions after a successful password change or reset.

## 1.4. Account Status Management
## 1.4.1 The system shall assign a status to each user account.
## 1.4.2 The system shall support the following account statuses: Pending, Active, Suspended, and Deleted.
## 1.4.3 The system shall set the account status to Pending upon successful registration and before email verification.
## 1.4.4 The system shall set the account status to Active after successful email verification

[24] source=e6716dab172b3183 type=SrcChunk hops=0 score=0.6763 chunk=e6716dab172b3183 doc=JIRA-Availability.md rel=VECTOR_SIMILARITY
: ""Maintenance Period Management"",
    ""description"": ""Implement maintenance windows for items, ensure those periods block rental activity, and make the item appear non-rentable while the maintenance window is in effect."",
    ""status"": ""In Progress"",
    ""comments"": [
      {
        ""author"": ""Tomas"",
        ""timestamp"": ""2026-02-24T10:00:00Z"",
        ""text"": ""Current implementation path uses the existing non-rentable status handling for maintenance-related periods as well. We should confirm whether the user interface needs to distinguish maintenance from other forms of temporary unavailability.""
      }
    ]
  },
  {
    ""ticket_id"": ""JIRA-AVAIL-405"",
    ""summary"": ""Real-time Status Sync"",
    ""description"": ""Ensure availability changes are applied immediately when relevant rental lifecycle events or availability controls are updated."",
    ""status"": ""To Do""
  }
]

[25] source=ebea956274025791 type=SrcChunk hops=0 score=0.6744 chunk=ebea956274025791 doc=JIRA-Payment.md rel=VECTOR_SIMILARITY
ctations for the total, but it does not fully spell out how edge-case fractions should be handled at each calculation stage. I started with a simplified approach for partial-unit handling, but this needs confirmation before we freeze the behavior.""
      },
      {
        ""author"": ""QA Marta"",
        ""timestamp"": ""2026-03-01T14:00:00Z"",
        ""text"": ""Please verify the consistency of subtotal, tax, and final amount handling. A display-friendly simplification in one layer can still produce visible mismatches later if the stored and presented totals are derived differently.""
      },
      {
        ""author"": ""Developer Dave"",
        ""timestamp"": ""2026-03-04T15:00:00Z"",
        ""text"": ""UI note: finance asked for cleaner presentation in one of the pilot currency scenarios, so I explored a more compact display format there while keeping more precise values in the underlying records. We need confirmation that the user-facing total must always match the persisted billing amount exactly.""
      }
    ]
  },
  {
    ""ticket_id"": ""JIRA-PAY-603"",
    ""summary"": ""Invoice Generation Engine"",
    ""description"": ""Generate invoices for billable rental outcomes, assign stable invoice identif

[26] source=0013387e34dddff9 type=SrcChunk hops=0 score=0.6728 chunk=0013387e34dddff9 doc=TOOLCHAIN-CONF-RENTABLE-ITEM-01.md rel=VECTOR_SIMILARITY
ity status changes take effect immediately.

## 3.4 Item Deletion
## 3.4.1 The system shall allow authorized users to delete items.
## 3.4.2 The system shall prevent deletion of items that have Active rent records.
## 3.4.3 The system shall mark deleted items as Inactive instead of permanently removing them, unless explicitly configured otherwise.

## 3.5 Item Access Control
## 3.5.1 The system shall allow all authenticated users to view available items.
## 3.5.2 The system shall restrict item creation, modification, and deletion to authorized users.

[27] source=e633209b9a702ede type=SrcChunk hops=0 score=0.6724 chunk=e633209b9a702ede doc=CONF-AUTH-01.md rel=VECTOR_SIMILARITY
ion link.
## 1.1.8. Upon successful activation, the system shall update the account status to Active.
## 1.1.9. The system shall not allow authentication or platform access for accounts that are not in Active status.

## 1.2. User Authentication and Login
## 1.2.1. The system shall allow access to the platform only for authenticated users with an account status of Active.
## 1.2.2. The system shall require the user to provide their registered email address and password in order to authenticate.
## 1.2.3. The system shall validate the provided credentials against the stored account data.
## 1.2.4. If the provided credentials are valid and the account status is Active, the system shall authenticate the user and grant access to the platform.
## 1.2.5. If the provided credentials are invalid, the system shall deny access and display an appropriate error message.
## 1.2.6. The system shall deny authentication if the account status is not Active, including but not limited to Pending, Suspended, or Deleted statuses.
## 1.2.7. Upon successful authentication, the system shall create an authenticated session associated with the user.
## 1.2.8. The system shall maintain the authenticated sess

[28] source=56489466fbfffbaa type=SrcChunk hops=0 score=0.6705 chunk=56489466fbfffbaa doc=JIRA-Auth.md rel=VECTOR_SIMILARITY
The system shall not allow authentication or platform access for accounts that are not in Active status (e.g., Pending, Suspended, Deleted)."",
    ""comments"": []
  },
  {
    ""ticket_id"": ""JIRA-Auth-110"",
    ""summary"": ""Activation token - Enforce single-use"",
    ""description"": ""Activation tokens shall be single-use. After a successful activation, the system shall invalidate the activation token immediately to prevent reuse."",
    ""comments"": []
  },
  {
    ""ticket_id"": ""JIRA-Auth-111"",
    ""summary"": ""Support registration for multiple users sharing the same email address"",
    ""description"": ""In some use cases (e.g. family accounts or shared organizational email addresses), multiple users may attempt to register using the same email address. Instead of enforcing strict email uniqueness, we may allow multiple accountsto share the same email if another identifier (such as phone number) is unique. This would require adjusting the registration validation logic."",
    ""comments"": [
      {
        ""author"": ""QA Engineer Marta"",
        ""timestamp"": ""2026-02-16T10:41:00Z"",
        ""text"": ""This contradicts the SRS requirement that email must be unique. Please confirm expected behavior

[29] source=d1f9814887e95dcd type=SrcChunk hops=0 score=0.6699 chunk=d1f9814887e95dcd doc=JIRA-Auth.md rel=VECTOR_SIMILARITY
n - Send confirmation email with activation link"",
    ""description"": ""After successful registration, the system shall send an account activation email to the provided email address. The email shall contain a unique activation link."",
    ""comments"": [
      {
        ""author"": ""Security Engineer Viktor"",
        ""timestamp"": ""2026-02-15T13:40:00Z"",
        ""text"": ""Activation tokens must be cryptographically secure and time-limited. If stored, store hashed tokens.""
      }
    ]
  },
  {
    ""ticket_id"": ""JIRA-Auth-106"",
    ""summary"": ""Activation - Validate activation link and activate account"",
    ""description"": ""Implement activation flow. The system shall validate the activation link/token. If valid, the system shall update the account status from Pending to Active and allow platform access."",
    ""comments"": []
  },
  {
    ""ticket_id"": ""JIRA-Auth-107"",
    ""summary"": ""Activation - Reject invalid or expired tokens"",
    ""description"": ""The system shall reject activation requests that use invalid or expired activation tokens and show an appropriate error state."",
    ""comments"": []
  },
  {
  ""ticket_id"": ""JIRA-Auth-108"",
  ""summary"": ""Registration - Security hardening: Preven

[30] source=cb19aeaad55d5a74 type=SrcChunk hops=0 score=0.6644 chunk=cb19aeaad55d5a74 doc=JIRA-Rewards.md rel=VECTOR_SIMILARITY
[
  {
    ""ticket_id"": ""JIRA-REW-901"",
    ""summary"": ""Loyalty Points Accrual Logic"",
    ""description"": ""Implement loyalty point accrual for completed and successfully settled rental activity, and ensure awarded points are applied to the user account according to the configurable reward policy."",
    ""status"": ""In Progress"",
    ""comments"": [
      {
        ""author"": ""Developer Dave"",
        ""timestamp"": ""2026-03-15T10:00:00Z"",
        ""text"": ""Implementation note: the specification refers to configurable business rules for point awards, but the exact reward formula is not yet finalized. I need confirmation on whether beta should use a temporary default rule or wait for the configurable policy source.""
      }
    ]
  },
  {
    ""ticket_id"": ""JIRA-REW-902"",
    ""summary"": ""Points Redemption and Discount Handling"",
    ""description"": ""Allow loyalty point redemption during billing, validate that the user has sufficient balance, and ensure redemption is recorded consistently together with the related financial outcome."",
    ""status"": ""To Do""
  },
  {
    ""ticket_id"": ""JIRA-REW-903"",
    ""summary"": ""Loyalty Tier Automation"",
    ""description"": ""Implement configurable loyalty tier a

[31] source=22d80e39745d1186 type=SrcChunk hops=0 score=0.6637 chunk=22d80e39745d1186 doc=JIRA-Reporting.md rel=VECTOR_SIMILARITY
 truth to avoid mismatches between invoices and exported summaries.""
      }
    ]
  },
  {
    ""ticket_id"": ""JIRA-REP-703"",
    ""summary"": ""User Activity and Audit Logging"",
    ""description"": ""Implement user activity reporting and audit logging for critical system events, while preserving traceability and staying aligned with privacy constraints around what user-related data may appear in logs and operational views."",
    ""status"": ""In Progress"",
    ""comments"": [
      {
        ""author"": ""Developer Dave"",
        ""timestamp"": ""2026-03-07T08:30:00Z"",
        ""text"": ""Privacy note: the specification expects user-linked auditability, but the current compliance direction discourages exposing directly identifiable personal details in raw logs. I need confirmation on whether administrators should read these records through a controlled lookup layer rather than from the stored log entries alone.""
      }
    ]
  },
  {
    ""ticket_id"": ""JIRA-REP-704"",
    ""summary"": ""Audit Log Integrity"",
    ""description"": ""Ensure audit entries remain protected against unauthorized change or removal, and that the storage approach supports the integrity guarantees defined in the reporting and audit sp

[32] source=1d3d27d1a24b72f0 type=SrcChunk hops=0 score=0.6614 chunk=1d3d27d1a24b72f0 doc=JIRA-Auth.md rel=VECTOR_SIMILARITY
that use invalid or expired activation tokens and show an appropriate error state."",
    ""comments"": []
  },
  {
  ""ticket_id"": ""JIRA-Auth-108"",
  ""summary"": ""Registration - Security hardening: Prevent email enumeration"",
  ""description"": ""To prevent attackers from discovering registered users, the registration flow must use generic responses. \n\nRequirement:\nIf a user tries to register with an email address that is already in use, the system MUST NOT display an error message stating 'Email already exists'. \nInstead, it should display a generic message: 'If this email is valid, a message has been sent to it.'"",
  ""comments"": [
    {
      ""author"": ""Security Engineer Viktor"",
      ""timestamp"": ""2026-02-16T10:00:00Z"",
      ""text"": ""This is critical for OWA (OWASP) compliance. We cannot leak user existence through the registration form.""
    }
  ]
},
  {
    ""ticket_id"": ""JIRA-Auth-109"",
    ""summary"": ""Authentication gate - Block login for non-Active accounts"",
    ""description"": ""The system shall not allow authentication or platform access for accounts that are not in Active status (e.g., Pending, Suspended, Deleted)."",
    ""comments"": []
  },
  {
    ""ticket_id"": ""JIRA-Auth-1

[33] source=8f047482d7206346 type=SrcChunk hops=0 score=0.6589 chunk=8f047482d7206346 doc=JIRA-Availability.md rel=VECTOR_SIMILARITY
op the endpoint for checking whether an item can be rented within a requested period, ensuring the response reflects the latest rental and item-state information at query time."",
    ""status"": ""In Progress"",
    ""comments"": [
      {
        ""author"": ""QA Marta"",
        ""timestamp"": ""2026-02-23T11:00:00Z"",
        ""text"": ""Found an ambiguity in query results after the recent item-management changes. Records that are no longer operationally valid are being surfaced through the same availability wording used for temporarily blocked items, which may mislead users about whether the item is recoverable or simply not rentable at the moment.""
      }
    ]
  },
  {
    ""ticket_id"": ""JIRA-AVAIL-403"",
    ""summary"": ""Manual Availability Restrictions"",
    ""description"": ""Allow authorized users to define manual non-rentable periods and ensure those restrictions take precedence over otherwise rentable time windows."",
    ""status"": ""To Do""
  },
  {
    ""ticket_id"": ""JIRA-AVAIL-404"",
    ""summary"": ""Maintenance Period Management"",
    ""description"": ""Implement maintenance windows for items, ensure those periods block rental activity, and make the item appear non-rentable while the maintenance 

[34] source=39e8811963c4099a type=SrcChunk hops=0 score=0.6505 chunk=39e8811963c4099a doc=TOOLCHAIN-CONF-RENT-01.md rel=VECTOR_SIMILARITY
Approved status.

## 2.5 Rent Completion
## 2.5.1 The system shall update the rent status to Completed when the rental end date is reached.
## 2.5.2 The system shall allow authorized users to manually complete a rent.
## 2.5.3 The system shall prevent completion of rent records that are not in Active status.

## 2.6 Rent Cancellation
## 2.6.1 The system shall allow users to cancel rent records that are in Requested status.
## 2.6.2 The system shall allow authorized users to cancel rent records that are in Approved or Active status.
## 2.6.3 The system shall update the rent status to Cancelled when a rent is cancelled.
## 2.6.4 The system shall prevent cancellation of rent records that are already Completed or Cancelled.

## 2.7 Rent Modification Rules
## 2.7.1 The system shall allow modification of rent records only when the rent status is Requested.
## 2.7.2 The system shall prevent modification of rent records that are in Approved, Active, Completed, Rejected, or Cancelled status, unless explicitly permitted.
## 2.7.3 The system shall validate all changes before saving modifications.

## 2.8 Rent History and Audit
## 2.8.1 The system shall maintain the full lifecycle history of e

[35] source=c9549ababe52be5f type=SrcChunk hops=0 score=0.6472 chunk=c9549ababe52be5f doc=EMAIL_DATA_Internal_Audit_Discrepancy.txt rel=VECTOR_SIMILARITY
From: internal_audit@toolchain.com
Date: 2026-03-08 14:00
Subject: Review findings on reporting consistency

Hi Dev Team,

During our recent reporting review, we found several consistency issues that need clarification before the reporting package can be considered reliable for audit use.

First, the financial outputs do not appear to align cleanly across all billing contexts. In some cases, the figures shown in reports, exported files, and billing records seem to reflect different presentation or calculation assumptions.

Second, the activity and audit views currently favor a privacy-preserving identifier style that makes operational review harder for non-technical auditors. We need to confirm whether this is the intended audit model, or whether authorized reviewers should have access to a controlled identity-resolution path.

Third, exported reporting artifacts do not always appear to match the same underlying interpretation used elsewhere in the platform, which raises a broader question about which data representation should be treated as authoritative for audit purposes.

Please review and confirm the intended source-of-truth model for report generation, export, and audit visib

[36] source=66d61fc1f995d676 type=SrcChunk hops=0 score=0.7355 chunk=66d61fc1f995d676 doc=JIRA-Auth.md rel=VECTOR_SIMILARITY
 {
        ""author"": ""QA Engineer Marta"",
        ""timestamp"": ""2026-02-16T10:41:00Z"",
        ""text"": ""This contradicts the SRS requirement that email must be unique. Please confirm expected behavior.""
      }
    ]
  },
  {
  ""ticket_id"": ""JIRA-Auth-112"",
  ""summary"": ""Registration - Auto-cleanup for unactivated accounts and Data Retention"",
  ""description"": ""To comply with data minimization principles, the system shall automatically delete any user account that remains in 'Pending' status for more than 30 days. All associated personal data must be removed, except for minimal audit logs required by the retention policy."",
  ""comments"": [
    {
      ""author"": ""PM Peter"",
      ""timestamp"": ""2026-02-16T12:05:00Z"",
      ""text"": ""This is an enhancement beyond the initial SRS but aligns with GDPR data minimization.""
    },
    {
      ""author"": ""QA Engineer Marta"",
      ""timestamp"": ""2026-02-16T13:45:00Z"",
      ""text"": ""Logic Gap: If we delete the account after 30 days, what happens to the activation link sent in CONF-AUTH-01 1.5? The link has no expiry in the docs. We need to ensure the link doesn't trigger a 500 error on a non-existent account.""
    },
    {
      ""author"": ""Sec

[37] source=2fb79f7446b24909 type=SrcChunk hops=0 score=0.7124 chunk=2fb79f7446b24909 doc=JIRA-Auth.md rel=VECTOR_SIMILARITY
o the activation link sent in CONF-AUTH-01 1.5? The link has no expiry in the docs. We need to ensure the link doesn't trigger a 500 error on a non-existent account.""
    },
    {
      ""author"": ""Security Engineer Viktor"",
      ""timestamp"": ""2026-02-17T10:10:00Z"",
      ""text"": ""Clarification Needed: When a user manually requests account deletion, should it be immediate, or do we provide a 14-day 'grace period' for recovery before the permanent wipe?""
    }
  ]
},
  {
    ""ticket_id"": ""JIRA-Auth-113"",
    ""summary"": ""Registration - Password policy enforcement"",
    ""description"": ""Enforce password policy rules during registration and prevent weak passwords."",
    ""comments"": [
      {
        ""author"": ""Security Engineer Viktor"",
        ""timestamp"": ""2026-02-16T13:12:00Z"",
        ""text"": ""Missing details: minimum length, complexity requirements, common password blacklist, and whether passphrases are allowed.""
      }
    ],
    ""attachments"": [""EMAIL_CTO_Security_Update.txt""]
  },
{
  ""ticket_id"": ""JIRA-Auth-114"",
  ""summary"": ""Allow registration without phone number"",
  ""description"": ""Some users are reluctant to provide their phone number during registration. Consider making 

[38] source=854f7de27dc6118d type=SrcChunk hops=0 score=0.6732 chunk=854f7de27dc6118d doc=JIRA-Payment.md rel=VECTOR_SIMILARITY
.""
      }
    ]
  },
  {
    ""ticket_id"": ""JIRA-PAY-603"",
    ""summary"": ""Invoice Generation Engine"",
    ""description"": ""Generate invoices for billable rental outcomes, assign stable invoice identifiers, and store the invoice content together with the relevant rental and pricing details."",
    ""status"": ""To Do""
  },
  {
    ""ticket_id"": ""JIRA-PAY-604"",
    ""summary"": ""Payment Processing Integration"",
    ""description"": ""Implement payment handling, including payment-state tracking and linkage between payment, invoice, and rental records. Clarify how unsuccessful payment outcomes should affect downstream rental and availability behavior."",
    ""status"": ""In Progress"",
    ""comments"": [
      {
        ""author"": ""Tomas"",
        ""timestamp"": ""2026-03-02T09:00:00Z"",
        ""text"": ""There is a cross-module ambiguity here: when a payment attempt does not complete successfully, I do not yet know whether the related rental should remain operationally blocked, return to normal availability, or wait for a separate business decision.""
      }
    ]
  },
  {
    ""ticket_id"": ""JIRA-PAY-605"",
    ""summary"": ""Duplicate Payment Prevention"",
    ""description"": ""Implement idempotent payment prote

[39] source=dbdfe9579474ba43 type=SrcChunk hops=0 score=0.6702 chunk=dbdfe9579474ba43 doc=JIRA-Auth.md rel=VECTOR_SIMILARITY
be validated during registration?""
    },
    {
      ""author"": ""Developer Dave"",
      ""timestamp"": ""2026-02-15T11:05:00Z"",
      ""text"": ""Yes, we will accept common separators and normalize phone numbers to E.164 format.""
    },
    {
      ""author"": ""Backend Engineer Tomas"",
      ""timestamp"": ""2026-02-15T11:42:00Z"",
      ""text"": ""Yes, email format must be validated. The email must follow standard format: local-part@domain. The local part may contain letters, numbers, dots, hyphens, and underscores. The domain must contain at least one dot and valid domain name characters. Example of valid format: user.name@example.com""
    }
  ]
},
  {
    ""ticket_id"": ""JIRA-Auth-104"",
    ""summary"": ""Registration - Create Pending account after successful submission"",
    ""description"": ""Upon successful submission of the registration form, the system shall create a new user account with status set to Pending."",
    ""comments"": []
  },
  {
    ""ticket_id"": ""JIRA-Auth-105"",
    ""summary"": ""Activation - Send confirmation email with activation link"",
    ""description"": ""After successful registration, the system shall send an account activation email to the provided email address. The email shall c

[40] source=0374b1fefbab130e type=SrcChunk hops=0 score=0.6610 chunk=0374b1fefbab130e doc=JIRA-Payment.md rel=VECTOR_SIMILARITY
PAY-608"",
    ""summary"": ""Billing Access Control"",
    ""description"": ""Implement access control rules for billing records so users can view only their own financial history while authorized roles can review broader payment and invoice data."",
    ""status"": ""Closed""
  }
]

[41] source=7306d641eb9b0bb2 type=SrcChunk hops=0 score=0.6546 chunk=7306d641eb9b0bb2 doc=EMAIL_FINANCE_MultiCurrency_HACK.txt rel=VECTOR_SIMILARITY
cial records.

Best,
Finance Dept.

[42] source=2f105702c1c1c3f3 type=SrcChunk hops=0 score=0.6532 chunk=2f105702c1c1c3f3 doc=JIRA-Auth.md rel=VECTOR_SIMILARITY
t: Clear error messages"",
  ""description"": ""Our support team reports that users are confused by generic messages. We need to provide clear, actionable feedback during registration.\n\nRequirement:\nIf an email address is already registered, the system should clearly state: 'This email address is already registered. Please log in or reset your password.'"",
  ""comments"": [
    {
      ""author"": ""UX Writer Nora"",
      ""timestamp"": ""2026-02-17T09:30:00Z"",
      ""text"": ""Generic messages lead to high drop-off rates. Users think the system is broken if they don't get a specific reason for failure.""
    }
  ]
},
{
  ""ticket_id"": ""JIRA-Auth-116"",
  ""summary"": ""Initial login implementation without MFA"",
  ""description"": ""The first implementation of the login endpoint will support email and password authentication only. Multi-factor authentication (MFA) is part of the security roadmap, but will not be implemented in this sprint. Future iterations should extend the authentication flow to support a second factor when enabled."",
  ""comments"": [
    {
      ""author"": ""Developer Dave"",
      ""timestamp"": ""2026-02-18T10:00:00Z"",
      ""text"": ""Login logic is ready. MFA is not part of this sprint,

[43] source=e6fe5b64787f87a6 type=SrcChunk hops=0 score=0.6528 chunk=e6fe5b64787f87a6 doc=TOOLCHAIN-CONF-REWARDS&PANELTIES-01.md rel=VECTOR_SIMILARITY
ll allow users to submit disputes for penalties.
## 9.6.2 The system shall store dispute status including Open, Under Review, Approved, and Rejected.
## 9.6.3 The system shall allow authorized users to resolve disputes.
## 9.6.4 The system shall update penalty records based on dispute outcome.

## 9.7 Adjustment Integrity and Audit
## 9.7.1 The system shall log loyalty and penalty transactions.
## 9.7.2 The system shall store timestamp, user identifier, and adjustment details.
## 9.7.3 The system shall prevent unauthorized modification of loyalty or penalty records.
## 9.7.4 The system shall maintain complete adjustment history.

[44] source=1da852dd7949b438 type=SrcChunk hops=0 score=0.6505 chunk=1da852dd7949b438 doc=TOOLCHAIN-CONF-REPORTING-01.md rel=VECTOR_SIMILARITY
 users to generate reports of user activity.
## 7.3.2 The system shall include rent creation, modification, cancellation, and payment activity in user reports.
## 7.3.3 The system shall allow filtering user activity reports by user identifier.

## 7.4 Audit Logging
## 7.4.1 The system shall record audit logs for critical system events.
## 7.4.2 The system shall log rent lifecycle events.
## 7.4.3 The system shall log item management events.
## 7.4.4 The system shall log payment and billing events.
## 7.4.5 The system shall log authentication and authorization events.

## 7.5 Audit Log Content
## 7.5.1 The system shall include timestamp in audit log entries.
## 7.5.2 The system shall include user identifier in audit log entries.
## 7.5.3 The system shall include event type in audit log entries.
## 7.5.4 The system shall include event outcome in audit log entries.

## 7.6 Audit Log Integrity
## 7.6.1 The system shall ensure audit logs cannot be modified.
## 7.6.2 The system shall ensure audit logs cannot be deleted by unauthorized users.
## 7.6.3 The system shall ensure audit logs are securely stored.

## 7.7 Report Export
## 7.7.1 The system shall allow authorized users to export re

[45] source=beb42617cfc95144 type=SrcChunk hops=0 score=0.6476 chunk=beb42617cfc95144 doc=JIRA-Delivery-Control.md rel=VECTOR_SIMILARITY
arta"",
        ""timestamp"": ""2026-03-10T11:30:00Z"",
        ""text"": ""Please confirm how unsupported edge windows should appear in the user flow. There is a difference between a slot that is structurally outside delivery hours and one that is technically valid but already unavailable.""
      }
    ]
  },
  {
    ""ticket_id"": ""JIRA-DEL-803"",
    ""summary"": ""Delivery Status Lifecycle"",
    ""description"": ""Implement the delivery lifecycle flow and ensure the system can track operational delivery progress while keeping users informed when delivery state changes occur."",
    ""status"": ""Closed"",
    ""comments"": [
      {
        ""author"": ""Backend Engineer Tomas"",
        ""timestamp"": ""2026-03-11T09:20:00Z"",
        ""text"": ""The operational status progression is implemented, but we should confirm whether all internal delivery transitions are meant to be exposed directly to users or whether some should remain back-office only.""
      }
    ]
  },
  {
    ""ticket_id"": ""JIRA-DEL-804"",
    ""summary"": ""Delivery Fee Calculation"",
    ""description"": ""Implement delivery fee calculation according to the configured logistics rules and ensure applicable delivery charges flow into billing in a consis

[46] source=1531165a3c8df366 type=SrcChunk hops=0 score=0.6458 chunk=1531165a3c8df366 doc=JIRA-Notifications.md rel=VECTOR_SIMILARITY
imestamp"": ""2026-02-25T14:00:00Z"",
        ""text"": ""Please confirm which identifier wording should appear in outbound messages. The specification and the warehouse-facing screens do not use exactly the same term, and I want to avoid sending emails that confuse end users.""
      }
    ]
  },
  {
    ""ticket_id"": ""JIRA-NOTIF-506"",
    ""summary"": ""User Notification Preferences"",
    ""description"": ""Allow users to manage notification preferences by category, while clarifying whether any event classes are considered business-critical and therefore not fully optional."",
    ""status"": ""In Progress"",
    ""comments"": [
      {
        ""author"": ""Developer Dave"",
        ""timestamp"": ""2026-02-26T10:00:00Z"",
        ""text"": ""There is a policy ambiguity here: product preference settings suggest broad user control, but management feedback indicates that some approval-related messages may need to remain non-optional. I need confirmation before deciding whether these events should bypass normal preference filtering.""
      }
    ]
  },
  {
    ""ticket_id"": ""JIRA-NOTIF-507"",
    ""summary"": ""Notification Event Logging"",
    ""description"": ""Log notification generation and delivery outcomes so author

[47] source=9694bf5bcf380db0 type=SrcChunk hops=0 score=0.6869 chunk=9694bf5bcf380db0 doc=JIRA-Payment.md rel=VECTOR_SIMILARITY
or wait for a separate business decision.""
      }
    ]
  },
  {
    ""ticket_id"": ""JIRA-PAY-605"",
    ""summary"": ""Duplicate Payment Prevention"",
    ""description"": ""Implement idempotent payment protection so the same invoice cannot be settled multiple times through repeated requests or retries."",
    ""status"": ""To Do""
  },
  {
    ""ticket_id"": ""JIRA-PAY-606"",
    ""summary"": ""Refund Management Logic"",
    ""description"": ""Support authorized refund handling while preserving traceability to the original payment and ensuring the refunded amount remains within the permitted financial boundary."",
    ""status"": ""To Do""
  },
  {
    ""ticket_id"": ""JIRA-PAY-607"",
    ""summary"": ""Billing History and Immutability"",
    ""description"": ""Implement billing history access and preserve the immutability expectations of completed financial records so users and administrators can review prior invoices and payments without altering finalized outcomes."",
    ""status"": ""To Do""
  },
  {
    ""ticket_id"": ""JIRA-PAY-608"",
    ""summary"": ""Billing Access Control"",
    ""description"": ""Implement access control rules for billing records so users can view only their own financial history while authorized roles can ","Generated 10 executable Gherkin tests for R6 (Pending-account cleanup). Tests cover the core requirement of automatic deletion of Pending accounts after 30 days, account lifecycle transitions, data removal compliance, and exception scenarios around manual deletion grace periods and activation link behavior post-cleanup. Tests are grounded in operative context from PRIMARY evidence E1 and E4, with supporting lifecycle context from E2, E5, E15, E20, and known issue references E13, E14.",System shall automatically delete any user account that remains in Pending status for more than 30 days || ystem shall set the account status to Pending upon successful registration and before email verification. || Account status changes take effect immediately,Manual account deletion may require a 14-day grace period for recovery before permanent wipe (unconfirmed) || Activation links have no documented expiry and may trigger errors on non-existent accounts after cleanup,,,E1|E2|E4|E5|E13|E14|E15|E20,"R6 targets pending-account cleanup. PRIMARY evidence E1 and E4 establish the core requirement: automatic deletion of Pending accounts after 30 days with removal of associated personal data except audit logs (GDPR data minimization). E2, E5, E15, E20 provide account lifecycle context showing Pending status is set upon registration and blocks authentication. E13 and E14 identify the activation expiry/pending cleanup gap as a known issue. E4 raises unresolved questions about manual deletion grace periods and activation link behavior post-cleanup. The 30-day automatic cleanup rule is clearly stated in PRIMARY evidence and should be operative. However, the interaction with activation links (no expiry documented) and manual deletion procedures (grace period unconfirmed) remain gaps that affect test design. Filtered abstract or low-relevance operative statements: All associated personal data must be removed upon automatic deletion, except for minimal audit logs required by retention policy | Pending accounts are created upon successful registration before email verification | Pending accounts cannot authenticate or access the platform",1,0,0,0
1cb52207,R6,hybrid,full,anthropic,claude-haiku-4-5-20251001,2,2026-07-03.v3,R6_4,Personal data removal on automatic deletion (GDPR compliance),"Feature: Data Minimization on Cleanup
  Scenario: Associated personal data is removed upon automatic deletion
    Given a Pending account is scheduled for automatic deletion
    When the cleanup job executes
    Then all associated personal data should be removed
    And only minimal audit logs required by retention policy should remain","Operative context indicates that all associated personal data must be removed upon automatic deletion, except for minimal audit logs required by retention policy. This ensures GDPR data minimization compliance.",E1|E4,"All associated personal data must be removed upon automatic deletion, except for minimal audit logs required by retention policy",0013387e34dddff9|0374b1fefbab130e|1531165a3c8df366|1d3d27d1a24b72f0|1da852dd7949b438|22d80e39745d1186|2b468c2425caf512|2f105702c1c1c3f3|2fb79f7446b24909|39e8811963c4099a|44723706e3ff4356|56489466fbfffbaa|66d61fc1f995d676|69182d61c773aadd|6c5380267c218234|7306d641eb9b0bb2|854f7de27dc6118d|8f047482d7206346|8f9c14a11698d93e|9437222564f7ac64|9694bf5bcf380db0|9978dc0dcd43a512|A44|A5|A8|C1|G1|G63|G93c|I3|I4|R6|a4a287abb143e79a|beb42617cfc95144|c9549ababe52be5f|cb19aeaad55d5a74|d1f9814887e95dcd|dbdfe9579474ba43|e633209b9a702ede|e6716dab172b3183|e6fe5b64787f87a6|ebea956274025791|f5347fc41dbe1de1,Pending-account cleanup,Pending-account cleanup,"[1] source=R6 type=Requirement/SrcChunk hops=0 chunk=66d61fc1f995d676 doc=JIRA-Auth.md rel=TARGET
 {
        ""author"": ""QA Engineer Marta"",
        ""timestamp"": ""2026-02-16T10:41:00Z"",
        ""text"": ""This contradicts the SRS requirement that email must be unique. Please confirm expected behavior.""
      }
    ]
  },
  {
  ""ticket_id"": ""JIRA-Auth-112"",
  ""summary"": ""Registration - Auto-cleanup for unactivated accounts and Data Retention"",
  ""description"": ""To comply with data minimization principles, the system shall automatically delete any user account that remains in 'Pending' status for more than 30 days. All associated personal data must be removed, except for minimal audit logs required by the retention policy."",
  ""comments"": [
    {
      ""author"": ""PM Peter"",
      ""timestamp"": ""2026-02-16T12:05:00Z"",
      ""text"": ""This is an enhancement beyond the initial SRS but aligns with GDPR data minimization.""
    },
    {
      ""author"": ""QA Engineer Marta"",
      ""timestamp"": ""2026-02-16T13:45:00Z"",
      ""text"": ""Logic Gap: If we delete the account after 30 days, what happens to the activation link sent in CONF-AUTH-01 1.5? The link has no expiry in the docs. We need to ensure the link doesn't trigger a 500 error on a non-existent account.""
    },
    {
      ""author"": ""Sec

[2] source=R6 type=Requirement/SrcChunk hops=0 chunk=2b468c2425caf512 doc=CONF-AUTH-01.md rel=TARGET
ystem shall set the account status to Pending upon successful registration and before email verification.
## 1.4.4 The system shall set the account status to Active after successful email verification.
## 1.4.5 The system shall allow the system administrator to change the account status to Suspended.
## 1.4.6 The system shall prevent Suspended accounts from authenticating and accessing the platform.
## 1.4.7 The system shall allow the system administrator to reactivate Suspended accounts by setting the status to Active.
## 1.4.8 The system shall allow the system administrator to set the account status to Deleted.
## 1.4.9 The system shall prevent Deleted accounts from authenticating and accessing the platform.
## 1.4.10 The system shall retain account data for Deleted accounts according to the data retention policy.
## 1.4.11 The system shall ensure that account status changes take effect immediately.

## 1.5. Session Management
## 1.5.1 The system shall create an authenticated session upon successful user authentication.
## 1.5.2 The system shall associate each session with a specific user account.
## 1.5.3 The system shall allow authenticated users to access protected resources o

[3] source=R6 type=Requirement hops=0 rel=TARGET
Pending-account cleanup

[4] source=R6 type=Requirement/SrcChunk hops=0 chunk=2fb79f7446b24909 doc=JIRA-Auth.md rel=TARGET
o the activation link sent in CONF-AUTH-01 1.5? The link has no expiry in the docs. We need to ensure the link doesn't trigger a 500 error on a non-existent account.""
    },
    {
      ""author"": ""Security Engineer Viktor"",
      ""timestamp"": ""2026-02-17T10:10:00Z"",
      ""text"": ""Clarification Needed: When a user manually requests account deletion, should it be immediate, or do we provide a 14-day 'grace period' for recovery before the permanent wipe?""
    }
  ]
},
  {
    ""ticket_id"": ""JIRA-Auth-113"",
    ""summary"": ""Registration - Password policy enforcement"",
    ""description"": ""Enforce password policy rules during registration and prevent weak passwords."",
    ""comments"": [
      {
        ""author"": ""Security Engineer Viktor"",
        ""timestamp"": ""2026-02-16T13:12:00Z"",
        ""text"": ""Missing details: minimum length, complexity requirements, common password blacklist, and whether passphrases are allowed.""
      }
    ],
    ""attachments"": [""EMAIL_CTO_Security_Update.txt""]
  },
{
  ""ticket_id"": ""JIRA-Auth-114"",
  ""summary"": ""Allow registration without phone number"",
  ""description"": ""Some users are reluctant to provide their phone number during registration. Consider making 

[5] source=I4 type=Implementation/SrcChunk hops=1 chunk=8f9c14a11698d93e doc=CONF-AUTH-01.md rel=REFINES
# Documentum ID: TOOLCHAIN-CONF-AUTH-01
# Description: User account registration and lifecycle management
# Status: Effective (v1.0)

## 1 User account registration and lifecycle management

## 1.1 User registration and account activation
## 1.1.1 The user must register in order to access the platform.
## 1.1.2. During registration, the system shall require the user to provide the following mandatory information: first name, last name, phone number, email address
## 1.1.3. The system shall validate that the provided email address is unique and not already associated with an existing account.
## 1.1.4. Upon successful submission of the registration form, the system shall create a new user account with a status of Pending.
## 1.1.5. The system shall send an account activation email to the provided email address containing a unique activation link.
## 1.1.6. The user must activate their account by accessing the activation link.
## 1.1.7. The system shall verify the validity of the activation link.
## 1.1.8. Upon successful activation, the system shall update the account status to Active.
## 1.1.9. The system shall not allow authentication or platform access for accounts that are not i

[6] source=G63 type=Gap/SrcChunk hops=2 chunk=cc00a9173697dc7d doc=JIRA-Payment.md rel=IN_DOC > IN_DOC
[
  {
    ""ticket_id"": ""JIRA-PAY-601"",
    ""summary"": ""Pricing Configuration Service"",
    ""description"": ""Implement the pricing configuration layer so authorized users can define rental pricing structures and apply them consistently to rentable items without retroactively changing already established rental records."",
    ""status"": ""Closed""
  },
  {
    ""ticket_id"": ""JIRA-PAY-602"",
    ""summary"": ""Price Calculation and Precision"",
    ""description"": ""Implement rental cost calculation based on duration and pricing rules, and make sure the resulting amount is derived consistently across calculation, storage, and user-facing display. International billing and currency presentation should be treated as a related operational concern, but must not silently override the core pricing logic."",
    ""status"": ""In Progress"",
    ""comments"": [
      {
        ""author"": ""Developer Dave"",
        ""timestamp"": ""2026-03-01T10:00:00Z"",
        ""text"": ""The current specification defines correctness expectations for the total, but it does not fully spell out how edge-case fractions should be handled at each calculation stage. I started with a simplified approach for partial-unit handling, but this ne

[7] source=G1 type=Gap/SrcChunk hops=1 chunk=1d3d27d1a24b72f0 doc=JIRA-Auth.md rel=AFFECTS
that use invalid or expired activation tokens and show an appropriate error state."",
    ""comments"": []
  },
  {
  ""ticket_id"": ""JIRA-Auth-108"",
  ""summary"": ""Registration - Security hardening: Prevent email enumeration"",
  ""description"": ""To prevent attackers from discovering registered users, the registration flow must use generic responses. \n\nRequirement:\nIf a user tries to register with an email address that is already in use, the system MUST NOT display an error message stating 'Email already exists'. \nInstead, it should display a generic message: 'If this email is valid, a message has been sent to it.'"",
  ""comments"": [
    {
      ""author"": ""Security Engineer Viktor"",
      ""timestamp"": ""2026-02-16T10:00:00Z"",
      ""text"": ""This is critical for OWA (OWASP) compliance. We cannot leak user existence through the registration form.""
    }
  ]
},
  {
    ""ticket_id"": ""JIRA-Auth-109"",
    ""summary"": ""Authentication gate - Block login for non-Active accounts"",
    ""description"": ""The system shall not allow authentication or platform access for accounts that are not in Active status (e.g., Pending, Suspended, Deleted)."",
    ""comments"": []
  },
  {
    ""ticket_id"": ""JIRA-Auth-1

[8] source=G1 type=Gap hops=1 rel=AFFECTS
Activation expiry / pending cleanup gap

[9] source=I3 type=Implementation/SrcChunk hops=2 chunk=56489466fbfffbaa doc=JIRA-Auth.md rel=IN_DOC > IN_DOC
The system shall not allow authentication or platform access for accounts that are not in Active status (e.g., Pending, Suspended, Deleted)."",
    ""comments"": []
  },
  {
    ""ticket_id"": ""JIRA-Auth-110"",
    ""summary"": ""Activation token - Enforce single-use"",
    ""description"": ""Activation tokens shall be single-use. After a successful activation, the system shall invalidate the activation token immediately to prevent reuse."",
    ""comments"": []
  },
  {
    ""ticket_id"": ""JIRA-Auth-111"",
    ""summary"": ""Support registration for multiple users sharing the same email address"",
    ""description"": ""In some use cases (e.g. family accounts or shared organizational email addresses), multiple users may attempt to register using the same email address. Instead of enforcing strict email uniqueness, we may allow multiple accountsto share the same email if another identifier (such as phone number) is unique. This would require adjusting the registration validation logic."",
    ""comments"": [
      {
        ""author"": ""QA Engineer Marta"",
        ""timestamp"": ""2026-02-16T10:41:00Z"",
        ""text"": ""This contradicts the SRS requirement that email must be unique. Please confirm expected behavior

[10] source=G93c type=Gap/SrcChunk hops=2 chunk=ebea956274025791 doc=JIRA-Payment.md rel=IN_DOC > IN_DOC
ctations for the total, but it does not fully spell out how edge-case fractions should be handled at each calculation stage. I started with a simplified approach for partial-unit handling, but this needs confirmation before we freeze the behavior.""
      },
      {
        ""author"": ""QA Marta"",
        ""timestamp"": ""2026-03-01T14:00:00Z"",
        ""text"": ""Please verify the consistency of subtotal, tax, and final amount handling. A display-friendly simplification in one layer can still produce visible mismatches later if the stored and presented totals are derived differently.""
      },
      {
        ""author"": ""Developer Dave"",
        ""timestamp"": ""2026-03-04T15:00:00Z"",
        ""text"": ""UI note: finance asked for cleaner presentation in one of the pilot currency scenarios, so I explored a more compact display format there while keeping more precise values in the underlying records. We need confirmation that the user-facing total must always match the persisted billing amount exactly.""
      }
    ]
  },
  {
    ""ticket_id"": ""JIRA-PAY-603"",
    ""summary"": ""Invoice Generation Engine"",
    ""description"": ""Generate invoices for billable rental outcomes, assign stable invoice identif

[11] source=C1 type=Communication/SrcChunk hops=2 chunk=6bb3b84e337f31dc doc=JIRA-Auth.md rel=IN_DOC > IN_DOC
nd whether hyphens/accents are allowed in names.""
      },
      {
        ""author"": ""Developer Dave"",
        ""timestamp"": ""2026-02-15T14:38:00Z"",
        ""text"": ""Leading/trailing spaces will be trimmed. Hyphens and accents are allowed.""
      },
      {
        ""author"": ""QA Engineer Marta"",
        ""timestamp"": ""2026-02-16T07:16:00Z"",
        ""text"": ""Will first and last names be entered in separate fields? Will we support a middle name?""
      },
      {
        ""author"": ""PM Peter"",
        ""timestamp"": ""2026-02-16T12:58:00Z"",
        ""text"": ""First and last name are separate fields. Middle name is optional.""
      },
      {
        ""author"": ""QA Engineer Marta"",
        ""timestamp"": ""2026-02-16T16:43:00Z"",
        ""text"": ""Do we support double surnames or special characters (e.g. apostrophe in O'Connor)?""
      }
    ],
	""attachments"": [""EMAIL_LEGAL_GDPR_Compliance.txt""]
  },
  {
    ""ticket_id"": ""JIRA-Auth-102"",
    ""summary"": ""Registration - Email uniqueness validation"",
    ""description"": ""Validate that the email address provided during registration is unique and not already associated with an existing account. Uniqueness validation shall be case-insensitive."",
    ""comm

[12] source=A5 type=Actor/SrcChunk hops=2 chunk=b046296a3e9c6aab doc=JIRA-Auth.md rel=IN_DOC > IN_DOC
""description"": ""Validate that the email address provided during registration is unique and not already associated with an existing account. Uniqueness validation shall be case-insensitive."",
    ""comments"": [
      {
        ""author"": ""QA Engineer Marta"",
        ""timestamp"": ""2026-02-15T08:22:00Z"",
        ""text"": ""Should email addresses be case-sensitive when checking for uniqueness? (e.g. Test@t.com = test@t.com?)""
      }
    ]
  },
{
  ""ticket_id"": ""JIRA-Auth-103"",
  ""summary"": ""Registration - Phone number validation and normalization"",
  ""description"": ""Validate phone number format during registration and store it in normalized E.164 format. Reject invalid formats and normalize acceptable inputs."",
  ""comments"": [
    {
      ""author"": ""QA Engineer Marta"",
      ""timestamp"": ""2026-02-15T10:22:00Z"",
      ""text"": ""Please confirm whether we accept spaces, parentheses, and dashes in phone number input (e.g., +36 (30) 123-4567) and normalize it. Also, should the email address format be validated during registration?""
    },
    {
      ""author"": ""Developer Dave"",
      ""timestamp"": ""2026-02-15T11:05:00Z"",
      ""text"": ""Yes, we will accept common separators and normalize phone nu

[13] source=A8 type=Actor/SrcChunk hops=2 chunk=ce4209d8f88ab7e7 doc=JIRA-Auth.md rel=IN_DOC > IN_DOC
[
  {
    ""ticket_id"": ""JIRA-Auth-101"",
    ""summary"": ""Registration - Create account with mandatory fields"",
    ""description"": ""Implement user registration functionality. The system shall require first name, last name, phone number, email address, and password. All fields are mandatory and must be validated before submission. \n\nAdditionally, the form must include:\n1. A single 'Terms and Conditions' checkbox that represents acceptance of both the Terms of Service and Privacy Policy.\n2. A 'Submit' button that remains disabled until all mandatory fields are filled and the legal consent checkbox is checked."",
    ""comments"": [
      {
        ""author"": ""Tool Master Lesly"",
        ""timestamp"": ""2026-02-15T09:00:00Z"",
        ""text"": ""Name fields must be limited to 50 characters due to database constraints.""
      },
      {
        ""author"": ""QA Engineer Marta"",
        ""timestamp"": ""2026-02-15T09:09:00Z"",
        ""text"": ""Please clarify if leading/trailing spaces should be trimmed and whether hyphens/accents are allowed in names.""
      },
      {
        ""author"": ""Developer Dave"",
        ""timestamp"": ""2026-02-15T14:38:00Z"",
        ""text"": ""Leading/trailing spaces will be tri

[14] source=A44 type=Actor/SrcChunk hops=2 chunk=c48c34de8cf76bce doc=EMAIL_SUPPORT_Emergency_Override.txt rel=IN_DOC > IN_DOC
From: support_lead@toolchain.com
Date: 2026-02-24 15:30
Subject: Escalation: exception handling for priority customers

Hi Dev Team,

Support keeps running into cases where a high-priority customer wants to secure an item even though the system currently treats the time window as blocked because of another pending request.

Operationally, the team is asking whether specially authorized staff should be able to intervene in those cases and resolve the conflict manually, rather than forcing the customer to wait for the ordinary availability flow to clear on its own. In practice this would mean allowing a priority booking path to take precedence over weaker, not-yet-confirmed demand.

Please do not treat this as confirmed product policy yet. We need guidance on whether this should remain a support-side exception process, or whether the booking logic itself is expected to support it.

Regards,
Sarah (Support Lead)

[15] source=8f9c14a11698d93e type=SrcChunk hops=0 score=0.6735 chunk=8f9c14a11698d93e doc=CONF-AUTH-01.md rel=VECTOR_SIMILARITY
# Documentum ID: TOOLCHAIN-CONF-AUTH-01
# Description: User account registration and lifecycle management
# Status: Effective (v1.0)

## 1 User account registration and lifecycle management

## 1.1 User registration and account activation
## 1.1.1 The user must register in order to access the platform.
## 1.1.2. During registration, the system shall require the user to provide the following mandatory information: first name, last name, phone number, email address
## 1.1.3. The system shall validate that the provided email address is unique and not already associated with an existing account.
## 1.1.4. Upon successful submission of the registration form, the system shall create a new user account with a status of Pending.
## 1.1.5. The system shall send an account activation email to the provided email address containing a unique activation link.
## 1.1.6. The user must activate their account by accessing the activation link.
## 1.1.7. The system shall verify the validity of the activation link.
## 1.1.8. Upon successful activation, the system shall update the account status to Active.
## 1.1.9. The system shall not allow authentication or platform access for accounts that are not i

[16] source=6c5380267c218234 type=SrcChunk hops=0 score=0.6736 chunk=6c5380267c218234 doc=JIRA-Lifecycle.md rel=VECTOR_SIMILARITY
 [
      {
        ""author"": ""Backend Engineer Tomas"",
        ""timestamp"": ""2026-02-12T14:20:00Z"",
        ""text"": ""RBAC (Role-Based Access Control) integrated. Only users with 'OPERATOR' or 'ADMIN' roles can trigger approval.""
      }
    ]
  },
  {
    ""ticket_id"": ""JIRA-LIFE-204"",
    ""summary"": ""Manual Rent Completion for Operators"",
    ""description"": ""Allow authorized users to manually trigger rent completion. This is required for early returns."",
    ""status"": ""In Progress"",
    ""comments"": [
      {
        ""author"": ""QA Engineer Marta"",
        ""timestamp"": ""2026-02-21T10:15:00Z"",
        ""text"": ""Clarification needed: If an operator completes a rent early, does the 'Maintenance' (v1.2) period start immediately, or only at the original end date?""
      }
    ]
  },
  {
  ""ticket_id"": ""JIRA-LIFE-205"",
  ""summary"": ""Bug: Penalty applied during early operator cancellation"",
  ""description"": ""An operator reported that a rent was stopped shortly after it became active, but the system still applied a penalty fee. Based on earlier lifecycle guidance, there may have been a short tolerance window in which this kind of early cancellation should not have triggered the charge."",
  ""s

[17] source=f5347fc41dbe1de1 type=SrcChunk hops=0 score=0.6451 chunk=f5347fc41dbe1de1 doc=TOOLCHAIN-CONF-RENT-01-v1.2.md rel=VECTOR_SIMILARITY
 Approved status.

## 2.5 Rent Completion and Maintenance
## 2.5.1 (REVISED) Upon reaching the rental end date, the system shall update the status to 'Maintenance'.
## 2.5.2 (REVISED) Maintenance duration is dynamic and depends on the specific Equipment Category as defined in the Maintenance Matrix.
## 2.5.3 After the maintenance period is completed, the status transitions to 'Available'.

## 2.6 Rent Cancellation
## 2.6.1 The system shall allow users to cancel rent records that are in Requested status.
## 2.6.2 (REVISED) The system shall allow authorized users to cancel rent records that are in Approved or Active status.
## 2.6.3 The system shall update the rent status to Cancelled when a rent is cancelled.
## 2.6.4 The system shall prevent cancellation of rent records that are already Completed or Cancelled.

## 2.7 Rent Modification Rules
## 2.7.1 The system shall allow modification of rent records only when the rent status is Requested.
## 2.7.2 The system shall prevent modification of rent records that are in Approved, Active, Completed, Rejected, or Cancelled status, unless explicitly permitted.
## 2.7.3 The system shall validate all changes before saving modifications.

## 2

[18] source=44723706e3ff4356 type=SrcChunk hops=0 score=0.6826 chunk=44723706e3ff4356 doc=JIRA-Lifecycle.md rel=VECTOR_SIMILARITY
tem still applied a penalty fee. Based on earlier lifecycle guidance, there may have been a short tolerance window in which this kind of early cancellation should not have triggered the charge."",
  ""status"": ""New"",
  ""comments"": [
    {
      ""author"": ""Developer Dave"",
      ""timestamp"": ""2026-02-21T09:00:00Z"",
      ""text"": ""I checked the current cancellation rules and they still allow stopping an active rent, but I cannot find the earlier exemption language that would have waived the penalty in the initial operator tolerance window. It may have been removed, or it may simply be missing from the latest write-up.""
    },
    {
      ""author"": ""PM Peter"",
      ""timestamp"": ""2026-02-21T11:00:00Z"",
      ""text"": ""This needs confirmation. If the newer lifecycle material dropped that exception without an explicit decision, we need to determine whether that was intentional or a documentation gap.""
    }
  ]
}
]

[19] source=9437222564f7ac64 type=SrcChunk hops=0 score=0.6885 chunk=9437222564f7ac64 doc=JIRA-Item.md rel=VECTOR_SIMILARITY
tion"": ""Implement the immediate status change for items (Available/Unavailable). Ensure items marked Unavailable cannot be rented."",
    ""status"": ""In Progress"",
    ""comments"": [
      {
        ""author"": ""Developer Dave"",
        ""timestamp"": ""2026-02-22T10:00:00Z"",
        ""text"": ""Logic check: If an item is currently 'Active' in a rent record, can an admin still set it to 'Unavailable'? The specification says status changes take effect immediately.""
      }
    ]
  },
  {
    ""ticket_id"": ""JIRA-ITEM-305"",
    ""summary"": ""Item Deletion Logic (Soft Delete)"",
    ""description"": ""Implement deletion of items using a soft-delete approach instead of physical removal. Prevent deletion when the item is still referenced by active rental activity, and confirm how the business deletion outcome should map to the current technical status model."",
    ""status"": ""To Do"",
    ""comments"": [
      {
        ""author"": ""Backend Engineer Tomas"",
        ""timestamp"": ""2026-02-22T12:00:00Z"",
        ""text"": ""Terminology check: the deletion outcome described in the specification does not map cleanly to the status values currently supported in the database. I need confirmation whether deleted items shou

[20] source=2b468c2425caf512 type=SrcChunk hops=0 score=0.7017 chunk=2b468c2425caf512 doc=CONF-AUTH-01.md rel=VECTOR_SIMILARITY
ystem shall set the account status to Pending upon successful registration and before email verification.
## 1.4.4 The system shall set the account status to Active after successful email verification.
## 1.4.5 The system shall allow the system administrator to change the account status to Suspended.
## 1.4.6 The system shall prevent Suspended accounts from authenticating and accessing the platform.
## 1.4.7 The system shall allow the system administrator to reactivate Suspended accounts by setting the status to Active.
## 1.4.8 The system shall allow the system administrator to set the account status to Deleted.
## 1.4.9 The system shall prevent Deleted accounts from authenticating and accessing the platform.
## 1.4.10 The system shall retain account data for Deleted accounts according to the data retention policy.
## 1.4.11 The system shall ensure that account status changes take effect immediately.

## 1.5. Session Management
## 1.5.1 The system shall create an authenticated session upon successful user authentication.
## 1.5.2 The system shall associate each session with a specific user account.
## 1.5.3 The system shall allow authenticated users to access protected resources o

[21] source=9978dc0dcd43a512 type=SrcChunk hops=0 score=0.6891 chunk=9978dc0dcd43a512 doc=JIRA-Item.md rel=VECTOR_SIMILARITY
"": ""Terminology check: the deletion outcome described in the specification does not map cleanly to the status values currently supported in the database. I need confirmation whether deleted items should reuse a non-rentable status or whether this requires a separate lifecycle value.""
      }
    ]
  }
]

[22] source=a4a287abb143e79a type=SrcChunk hops=0 score=0.6878 chunk=a4a287abb143e79a doc=JIRA-Rewards.md rel=VECTOR_SIMILARITY
nal buffer before charges apply.""
      }
    ]
  },
  {
    ""ticket_id"": ""JIRA-REW-905"",
    ""summary"": ""Penalty Dispute Workflow"",
    ""description"": ""Implement penalty dispute submission and resolution so users can challenge penalty outcomes and authorized staff can record the final decision together with any resulting adjustment."",
    ""status"": ""To Do""
  },
  {
    ""ticket_id"": ""JIRA-REW-906"",
    ""summary"": ""Adjustment Audit Logging"",
    ""description"": ""Log loyalty and penalty adjustments in a way that preserves traceability, supports controlled review, and remains compatible with the platform's broader privacy and auditability expectations."",
    ""status"": ""In Progress"",
    ""comments"": [
      {
        ""author"": ""Developer Dave"",
        ""timestamp"": ""2026-03-17T09:00:00Z"",
        ""text"": ""Auditability note: the requirement expects user-linked traceability for adjustments, but we should confirm whether direct user-identifying values belong in the raw adjustment log or whether authorized reviewers should resolve identities through a controlled lookup path.""
      }
    ]
  }
]

[23] source=69182d61c773aadd type=SrcChunk hops=0 score=0.6833 chunk=69182d61c773aadd doc=CONF-AUTH-01.md rel=VECTOR_SIMILARITY
# 1.3.6. The system shall allow users to initiate a password reset process if they forget their password.
## 1.3.7. The system shall require the user to provide their registered email address to initiate the password reset process.
## 1.3.8. The system shall send a password reset email containing a unique, time-limited reset link to the user's registered email address.
## 1.3.9. The system shall validate the reset link before allowing the user to set a new password.
## 1.3.10. The system shall allow the user to set a new password only if the reset link is valid and has not expired.
## 1.3.11. The system shall invalidate the reset link after successful password reset.
## 1.3.12. The system shall invalidate all active sessions after a successful password change or reset.

## 1.4. Account Status Management
## 1.4.1 The system shall assign a status to each user account.
## 1.4.2 The system shall support the following account statuses: Pending, Active, Suspended, and Deleted.
## 1.4.3 The system shall set the account status to Pending upon successful registration and before email verification.
## 1.4.4 The system shall set the account status to Active after successful email verification

[24] source=e6716dab172b3183 type=SrcChunk hops=0 score=0.6763 chunk=e6716dab172b3183 doc=JIRA-Availability.md rel=VECTOR_SIMILARITY
: ""Maintenance Period Management"",
    ""description"": ""Implement maintenance windows for items, ensure those periods block rental activity, and make the item appear non-rentable while the maintenance window is in effect."",
    ""status"": ""In Progress"",
    ""comments"": [
      {
        ""author"": ""Tomas"",
        ""timestamp"": ""2026-02-24T10:00:00Z"",
        ""text"": ""Current implementation path uses the existing non-rentable status handling for maintenance-related periods as well. We should confirm whether the user interface needs to distinguish maintenance from other forms of temporary unavailability.""
      }
    ]
  },
  {
    ""ticket_id"": ""JIRA-AVAIL-405"",
    ""summary"": ""Real-time Status Sync"",
    ""description"": ""Ensure availability changes are applied immediately when relevant rental lifecycle events or availability controls are updated."",
    ""status"": ""To Do""
  }
]

[25] source=ebea956274025791 type=SrcChunk hops=0 score=0.6744 chunk=ebea956274025791 doc=JIRA-Payment.md rel=VECTOR_SIMILARITY
ctations for the total, but it does not fully spell out how edge-case fractions should be handled at each calculation stage. I started with a simplified approach for partial-unit handling, but this needs confirmation before we freeze the behavior.""
      },
      {
        ""author"": ""QA Marta"",
        ""timestamp"": ""2026-03-01T14:00:00Z"",
        ""text"": ""Please verify the consistency of subtotal, tax, and final amount handling. A display-friendly simplification in one layer can still produce visible mismatches later if the stored and presented totals are derived differently.""
      },
      {
        ""author"": ""Developer Dave"",
        ""timestamp"": ""2026-03-04T15:00:00Z"",
        ""text"": ""UI note: finance asked for cleaner presentation in one of the pilot currency scenarios, so I explored a more compact display format there while keeping more precise values in the underlying records. We need confirmation that the user-facing total must always match the persisted billing amount exactly.""
      }
    ]
  },
  {
    ""ticket_id"": ""JIRA-PAY-603"",
    ""summary"": ""Invoice Generation Engine"",
    ""description"": ""Generate invoices for billable rental outcomes, assign stable invoice identif

[26] source=0013387e34dddff9 type=SrcChunk hops=0 score=0.6728 chunk=0013387e34dddff9 doc=TOOLCHAIN-CONF-RENTABLE-ITEM-01.md rel=VECTOR_SIMILARITY
ity status changes take effect immediately.

## 3.4 Item Deletion
## 3.4.1 The system shall allow authorized users to delete items.
## 3.4.2 The system shall prevent deletion of items that have Active rent records.
## 3.4.3 The system shall mark deleted items as Inactive instead of permanently removing them, unless explicitly configured otherwise.

## 3.5 Item Access Control
## 3.5.1 The system shall allow all authenticated users to view available items.
## 3.5.2 The system shall restrict item creation, modification, and deletion to authorized users.

[27] source=e633209b9a702ede type=SrcChunk hops=0 score=0.6724 chunk=e633209b9a702ede doc=CONF-AUTH-01.md rel=VECTOR_SIMILARITY
ion link.
## 1.1.8. Upon successful activation, the system shall update the account status to Active.
## 1.1.9. The system shall not allow authentication or platform access for accounts that are not in Active status.

## 1.2. User Authentication and Login
## 1.2.1. The system shall allow access to the platform only for authenticated users with an account status of Active.
## 1.2.2. The system shall require the user to provide their registered email address and password in order to authenticate.
## 1.2.3. The system shall validate the provided credentials against the stored account data.
## 1.2.4. If the provided credentials are valid and the account status is Active, the system shall authenticate the user and grant access to the platform.
## 1.2.5. If the provided credentials are invalid, the system shall deny access and display an appropriate error message.
## 1.2.6. The system shall deny authentication if the account status is not Active, including but not limited to Pending, Suspended, or Deleted statuses.
## 1.2.7. Upon successful authentication, the system shall create an authenticated session associated with the user.
## 1.2.8. The system shall maintain the authenticated sess

[28] source=56489466fbfffbaa type=SrcChunk hops=0 score=0.6705 chunk=56489466fbfffbaa doc=JIRA-Auth.md rel=VECTOR_SIMILARITY
The system shall not allow authentication or platform access for accounts that are not in Active status (e.g., Pending, Suspended, Deleted)."",
    ""comments"": []
  },
  {
    ""ticket_id"": ""JIRA-Auth-110"",
    ""summary"": ""Activation token - Enforce single-use"",
    ""description"": ""Activation tokens shall be single-use. After a successful activation, the system shall invalidate the activation token immediately to prevent reuse."",
    ""comments"": []
  },
  {
    ""ticket_id"": ""JIRA-Auth-111"",
    ""summary"": ""Support registration for multiple users sharing the same email address"",
    ""description"": ""In some use cases (e.g. family accounts or shared organizational email addresses), multiple users may attempt to register using the same email address. Instead of enforcing strict email uniqueness, we may allow multiple accountsto share the same email if another identifier (such as phone number) is unique. This would require adjusting the registration validation logic."",
    ""comments"": [
      {
        ""author"": ""QA Engineer Marta"",
        ""timestamp"": ""2026-02-16T10:41:00Z"",
        ""text"": ""This contradicts the SRS requirement that email must be unique. Please confirm expected behavior

[29] source=d1f9814887e95dcd type=SrcChunk hops=0 score=0.6699 chunk=d1f9814887e95dcd doc=JIRA-Auth.md rel=VECTOR_SIMILARITY
n - Send confirmation email with activation link"",
    ""description"": ""After successful registration, the system shall send an account activation email to the provided email address. The email shall contain a unique activation link."",
    ""comments"": [
      {
        ""author"": ""Security Engineer Viktor"",
        ""timestamp"": ""2026-02-15T13:40:00Z"",
        ""text"": ""Activation tokens must be cryptographically secure and time-limited. If stored, store hashed tokens.""
      }
    ]
  },
  {
    ""ticket_id"": ""JIRA-Auth-106"",
    ""summary"": ""Activation - Validate activation link and activate account"",
    ""description"": ""Implement activation flow. The system shall validate the activation link/token. If valid, the system shall update the account status from Pending to Active and allow platform access."",
    ""comments"": []
  },
  {
    ""ticket_id"": ""JIRA-Auth-107"",
    ""summary"": ""Activation - Reject invalid or expired tokens"",
    ""description"": ""The system shall reject activation requests that use invalid or expired activation tokens and show an appropriate error state."",
    ""comments"": []
  },
  {
  ""ticket_id"": ""JIRA-Auth-108"",
  ""summary"": ""Registration - Security hardening: Preven

[30] source=cb19aeaad55d5a74 type=SrcChunk hops=0 score=0.6644 chunk=cb19aeaad55d5a74 doc=JIRA-Rewards.md rel=VECTOR_SIMILARITY
[
  {
    ""ticket_id"": ""JIRA-REW-901"",
    ""summary"": ""Loyalty Points Accrual Logic"",
    ""description"": ""Implement loyalty point accrual for completed and successfully settled rental activity, and ensure awarded points are applied to the user account according to the configurable reward policy."",
    ""status"": ""In Progress"",
    ""comments"": [
      {
        ""author"": ""Developer Dave"",
        ""timestamp"": ""2026-03-15T10:00:00Z"",
        ""text"": ""Implementation note: the specification refers to configurable business rules for point awards, but the exact reward formula is not yet finalized. I need confirmation on whether beta should use a temporary default rule or wait for the configurable policy source.""
      }
    ]
  },
  {
    ""ticket_id"": ""JIRA-REW-902"",
    ""summary"": ""Points Redemption and Discount Handling"",
    ""description"": ""Allow loyalty point redemption during billing, validate that the user has sufficient balance, and ensure redemption is recorded consistently together with the related financial outcome."",
    ""status"": ""To Do""
  },
  {
    ""ticket_id"": ""JIRA-REW-903"",
    ""summary"": ""Loyalty Tier Automation"",
    ""description"": ""Implement configurable loyalty tier a

[31] source=22d80e39745d1186 type=SrcChunk hops=0 score=0.6637 chunk=22d80e39745d1186 doc=JIRA-Reporting.md rel=VECTOR_SIMILARITY
 truth to avoid mismatches between invoices and exported summaries.""
      }
    ]
  },
  {
    ""ticket_id"": ""JIRA-REP-703"",
    ""summary"": ""User Activity and Audit Logging"",
    ""description"": ""Implement user activity reporting and audit logging for critical system events, while preserving traceability and staying aligned with privacy constraints around what user-related data may appear in logs and operational views."",
    ""status"": ""In Progress"",
    ""comments"": [
      {
        ""author"": ""Developer Dave"",
        ""timestamp"": ""2026-03-07T08:30:00Z"",
        ""text"": ""Privacy note: the specification expects user-linked auditability, but the current compliance direction discourages exposing directly identifiable personal details in raw logs. I need confirmation on whether administrators should read these records through a controlled lookup layer rather than from the stored log entries alone.""
      }
    ]
  },
  {
    ""ticket_id"": ""JIRA-REP-704"",
    ""summary"": ""Audit Log Integrity"",
    ""description"": ""Ensure audit entries remain protected against unauthorized change or removal, and that the storage approach supports the integrity guarantees defined in the reporting and audit sp

[32] source=1d3d27d1a24b72f0 type=SrcChunk hops=0 score=0.6614 chunk=1d3d27d1a24b72f0 doc=JIRA-Auth.md rel=VECTOR_SIMILARITY
that use invalid or expired activation tokens and show an appropriate error state."",
    ""comments"": []
  },
  {
  ""ticket_id"": ""JIRA-Auth-108"",
  ""summary"": ""Registration - Security hardening: Prevent email enumeration"",
  ""description"": ""To prevent attackers from discovering registered users, the registration flow must use generic responses. \n\nRequirement:\nIf a user tries to register with an email address that is already in use, the system MUST NOT display an error message stating 'Email already exists'. \nInstead, it should display a generic message: 'If this email is valid, a message has been sent to it.'"",
  ""comments"": [
    {
      ""author"": ""Security Engineer Viktor"",
      ""timestamp"": ""2026-02-16T10:00:00Z"",
      ""text"": ""This is critical for OWA (OWASP) compliance. We cannot leak user existence through the registration form.""
    }
  ]
},
  {
    ""ticket_id"": ""JIRA-Auth-109"",
    ""summary"": ""Authentication gate - Block login for non-Active accounts"",
    ""description"": ""The system shall not allow authentication or platform access for accounts that are not in Active status (e.g., Pending, Suspended, Deleted)."",
    ""comments"": []
  },
  {
    ""ticket_id"": ""JIRA-Auth-1

[33] source=8f047482d7206346 type=SrcChunk hops=0 score=0.6589 chunk=8f047482d7206346 doc=JIRA-Availability.md rel=VECTOR_SIMILARITY
op the endpoint for checking whether an item can be rented within a requested period, ensuring the response reflects the latest rental and item-state information at query time."",
    ""status"": ""In Progress"",
    ""comments"": [
      {
        ""author"": ""QA Marta"",
        ""timestamp"": ""2026-02-23T11:00:00Z"",
        ""text"": ""Found an ambiguity in query results after the recent item-management changes. Records that are no longer operationally valid are being surfaced through the same availability wording used for temporarily blocked items, which may mislead users about whether the item is recoverable or simply not rentable at the moment.""
      }
    ]
  },
  {
    ""ticket_id"": ""JIRA-AVAIL-403"",
    ""summary"": ""Manual Availability Restrictions"",
    ""description"": ""Allow authorized users to define manual non-rentable periods and ensure those restrictions take precedence over otherwise rentable time windows."",
    ""status"": ""To Do""
  },
  {
    ""ticket_id"": ""JIRA-AVAIL-404"",
    ""summary"": ""Maintenance Period Management"",
    ""description"": ""Implement maintenance windows for items, ensure those periods block rental activity, and make the item appear non-rentable while the maintenance 

[34] source=39e8811963c4099a type=SrcChunk hops=0 score=0.6505 chunk=39e8811963c4099a doc=TOOLCHAIN-CONF-RENT-01.md rel=VECTOR_SIMILARITY
Approved status.

## 2.5 Rent Completion
## 2.5.1 The system shall update the rent status to Completed when the rental end date is reached.
## 2.5.2 The system shall allow authorized users to manually complete a rent.
## 2.5.3 The system shall prevent completion of rent records that are not in Active status.

## 2.6 Rent Cancellation
## 2.6.1 The system shall allow users to cancel rent records that are in Requested status.
## 2.6.2 The system shall allow authorized users to cancel rent records that are in Approved or Active status.
## 2.6.3 The system shall update the rent status to Cancelled when a rent is cancelled.
## 2.6.4 The system shall prevent cancellation of rent records that are already Completed or Cancelled.

## 2.7 Rent Modification Rules
## 2.7.1 The system shall allow modification of rent records only when the rent status is Requested.
## 2.7.2 The system shall prevent modification of rent records that are in Approved, Active, Completed, Rejected, or Cancelled status, unless explicitly permitted.
## 2.7.3 The system shall validate all changes before saving modifications.

## 2.8 Rent History and Audit
## 2.8.1 The system shall maintain the full lifecycle history of e

[35] source=c9549ababe52be5f type=SrcChunk hops=0 score=0.6472 chunk=c9549ababe52be5f doc=EMAIL_DATA_Internal_Audit_Discrepancy.txt rel=VECTOR_SIMILARITY
From: internal_audit@toolchain.com
Date: 2026-03-08 14:00
Subject: Review findings on reporting consistency

Hi Dev Team,

During our recent reporting review, we found several consistency issues that need clarification before the reporting package can be considered reliable for audit use.

First, the financial outputs do not appear to align cleanly across all billing contexts. In some cases, the figures shown in reports, exported files, and billing records seem to reflect different presentation or calculation assumptions.

Second, the activity and audit views currently favor a privacy-preserving identifier style that makes operational review harder for non-technical auditors. We need to confirm whether this is the intended audit model, or whether authorized reviewers should have access to a controlled identity-resolution path.

Third, exported reporting artifacts do not always appear to match the same underlying interpretation used elsewhere in the platform, which raises a broader question about which data representation should be treated as authoritative for audit purposes.

Please review and confirm the intended source-of-truth model for report generation, export, and audit visib

[36] source=66d61fc1f995d676 type=SrcChunk hops=0 score=0.7355 chunk=66d61fc1f995d676 doc=JIRA-Auth.md rel=VECTOR_SIMILARITY
 {
        ""author"": ""QA Engineer Marta"",
        ""timestamp"": ""2026-02-16T10:41:00Z"",
        ""text"": ""This contradicts the SRS requirement that email must be unique. Please confirm expected behavior.""
      }
    ]
  },
  {
  ""ticket_id"": ""JIRA-Auth-112"",
  ""summary"": ""Registration - Auto-cleanup for unactivated accounts and Data Retention"",
  ""description"": ""To comply with data minimization principles, the system shall automatically delete any user account that remains in 'Pending' status for more than 30 days. All associated personal data must be removed, except for minimal audit logs required by the retention policy."",
  ""comments"": [
    {
      ""author"": ""PM Peter"",
      ""timestamp"": ""2026-02-16T12:05:00Z"",
      ""text"": ""This is an enhancement beyond the initial SRS but aligns with GDPR data minimization.""
    },
    {
      ""author"": ""QA Engineer Marta"",
      ""timestamp"": ""2026-02-16T13:45:00Z"",
      ""text"": ""Logic Gap: If we delete the account after 30 days, what happens to the activation link sent in CONF-AUTH-01 1.5? The link has no expiry in the docs. We need to ensure the link doesn't trigger a 500 error on a non-existent account.""
    },
    {
      ""author"": ""Sec

[37] source=2fb79f7446b24909 type=SrcChunk hops=0 score=0.7124 chunk=2fb79f7446b24909 doc=JIRA-Auth.md rel=VECTOR_SIMILARITY
o the activation link sent in CONF-AUTH-01 1.5? The link has no expiry in the docs. We need to ensure the link doesn't trigger a 500 error on a non-existent account.""
    },
    {
      ""author"": ""Security Engineer Viktor"",
      ""timestamp"": ""2026-02-17T10:10:00Z"",
      ""text"": ""Clarification Needed: When a user manually requests account deletion, should it be immediate, or do we provide a 14-day 'grace period' for recovery before the permanent wipe?""
    }
  ]
},
  {
    ""ticket_id"": ""JIRA-Auth-113"",
    ""summary"": ""Registration - Password policy enforcement"",
    ""description"": ""Enforce password policy rules during registration and prevent weak passwords."",
    ""comments"": [
      {
        ""author"": ""Security Engineer Viktor"",
        ""timestamp"": ""2026-02-16T13:12:00Z"",
        ""text"": ""Missing details: minimum length, complexity requirements, common password blacklist, and whether passphrases are allowed.""
      }
    ],
    ""attachments"": [""EMAIL_CTO_Security_Update.txt""]
  },
{
  ""ticket_id"": ""JIRA-Auth-114"",
  ""summary"": ""Allow registration without phone number"",
  ""description"": ""Some users are reluctant to provide their phone number during registration. Consider making 

[38] source=854f7de27dc6118d type=SrcChunk hops=0 score=0.6732 chunk=854f7de27dc6118d doc=JIRA-Payment.md rel=VECTOR_SIMILARITY
.""
      }
    ]
  },
  {
    ""ticket_id"": ""JIRA-PAY-603"",
    ""summary"": ""Invoice Generation Engine"",
    ""description"": ""Generate invoices for billable rental outcomes, assign stable invoice identifiers, and store the invoice content together with the relevant rental and pricing details."",
    ""status"": ""To Do""
  },
  {
    ""ticket_id"": ""JIRA-PAY-604"",
    ""summary"": ""Payment Processing Integration"",
    ""description"": ""Implement payment handling, including payment-state tracking and linkage between payment, invoice, and rental records. Clarify how unsuccessful payment outcomes should affect downstream rental and availability behavior."",
    ""status"": ""In Progress"",
    ""comments"": [
      {
        ""author"": ""Tomas"",
        ""timestamp"": ""2026-03-02T09:00:00Z"",
        ""text"": ""There is a cross-module ambiguity here: when a payment attempt does not complete successfully, I do not yet know whether the related rental should remain operationally blocked, return to normal availability, or wait for a separate business decision.""
      }
    ]
  },
  {
    ""ticket_id"": ""JIRA-PAY-605"",
    ""summary"": ""Duplicate Payment Prevention"",
    ""description"": ""Implement idempotent payment prote

[39] source=dbdfe9579474ba43 type=SrcChunk hops=0 score=0.6702 chunk=dbdfe9579474ba43 doc=JIRA-Auth.md rel=VECTOR_SIMILARITY
be validated during registration?""
    },
    {
      ""author"": ""Developer Dave"",
      ""timestamp"": ""2026-02-15T11:05:00Z"",
      ""text"": ""Yes, we will accept common separators and normalize phone numbers to E.164 format.""
    },
    {
      ""author"": ""Backend Engineer Tomas"",
      ""timestamp"": ""2026-02-15T11:42:00Z"",
      ""text"": ""Yes, email format must be validated. The email must follow standard format: local-part@domain. The local part may contain letters, numbers, dots, hyphens, and underscores. The domain must contain at least one dot and valid domain name characters. Example of valid format: user.name@example.com""
    }
  ]
},
  {
    ""ticket_id"": ""JIRA-Auth-104"",
    ""summary"": ""Registration - Create Pending account after successful submission"",
    ""description"": ""Upon successful submission of the registration form, the system shall create a new user account with status set to Pending."",
    ""comments"": []
  },
  {
    ""ticket_id"": ""JIRA-Auth-105"",
    ""summary"": ""Activation - Send confirmation email with activation link"",
    ""description"": ""After successful registration, the system shall send an account activation email to the provided email address. The email shall c

[40] source=0374b1fefbab130e type=SrcChunk hops=0 score=0.6610 chunk=0374b1fefbab130e doc=JIRA-Payment.md rel=VECTOR_SIMILARITY
PAY-608"",
    ""summary"": ""Billing Access Control"",
    ""description"": ""Implement access control rules for billing records so users can view only their own financial history while authorized roles can review broader payment and invoice data."",
    ""status"": ""Closed""
  }
]

[41] source=7306d641eb9b0bb2 type=SrcChunk hops=0 score=0.6546 chunk=7306d641eb9b0bb2 doc=EMAIL_FINANCE_MultiCurrency_HACK.txt rel=VECTOR_SIMILARITY
cial records.

Best,
Finance Dept.

[42] source=2f105702c1c1c3f3 type=SrcChunk hops=0 score=0.6532 chunk=2f105702c1c1c3f3 doc=JIRA-Auth.md rel=VECTOR_SIMILARITY
t: Clear error messages"",
  ""description"": ""Our support team reports that users are confused by generic messages. We need to provide clear, actionable feedback during registration.\n\nRequirement:\nIf an email address is already registered, the system should clearly state: 'This email address is already registered. Please log in or reset your password.'"",
  ""comments"": [
    {
      ""author"": ""UX Writer Nora"",
      ""timestamp"": ""2026-02-17T09:30:00Z"",
      ""text"": ""Generic messages lead to high drop-off rates. Users think the system is broken if they don't get a specific reason for failure.""
    }
  ]
},
{
  ""ticket_id"": ""JIRA-Auth-116"",
  ""summary"": ""Initial login implementation without MFA"",
  ""description"": ""The first implementation of the login endpoint will support email and password authentication only. Multi-factor authentication (MFA) is part of the security roadmap, but will not be implemented in this sprint. Future iterations should extend the authentication flow to support a second factor when enabled."",
  ""comments"": [
    {
      ""author"": ""Developer Dave"",
      ""timestamp"": ""2026-02-18T10:00:00Z"",
      ""text"": ""Login logic is ready. MFA is not part of this sprint,

[43] source=e6fe5b64787f87a6 type=SrcChunk hops=0 score=0.6528 chunk=e6fe5b64787f87a6 doc=TOOLCHAIN-CONF-REWARDS&PANELTIES-01.md rel=VECTOR_SIMILARITY
ll allow users to submit disputes for penalties.
## 9.6.2 The system shall store dispute status including Open, Under Review, Approved, and Rejected.
## 9.6.3 The system shall allow authorized users to resolve disputes.
## 9.6.4 The system shall update penalty records based on dispute outcome.

## 9.7 Adjustment Integrity and Audit
## 9.7.1 The system shall log loyalty and penalty transactions.
## 9.7.2 The system shall store timestamp, user identifier, and adjustment details.
## 9.7.3 The system shall prevent unauthorized modification of loyalty or penalty records.
## 9.7.4 The system shall maintain complete adjustment history.

[44] source=1da852dd7949b438 type=SrcChunk hops=0 score=0.6505 chunk=1da852dd7949b438 doc=TOOLCHAIN-CONF-REPORTING-01.md rel=VECTOR_SIMILARITY
 users to generate reports of user activity.
## 7.3.2 The system shall include rent creation, modification, cancellation, and payment activity in user reports.
## 7.3.3 The system shall allow filtering user activity reports by user identifier.

## 7.4 Audit Logging
## 7.4.1 The system shall record audit logs for critical system events.
## 7.4.2 The system shall log rent lifecycle events.
## 7.4.3 The system shall log item management events.
## 7.4.4 The system shall log payment and billing events.
## 7.4.5 The system shall log authentication and authorization events.

## 7.5 Audit Log Content
## 7.5.1 The system shall include timestamp in audit log entries.
## 7.5.2 The system shall include user identifier in audit log entries.
## 7.5.3 The system shall include event type in audit log entries.
## 7.5.4 The system shall include event outcome in audit log entries.

## 7.6 Audit Log Integrity
## 7.6.1 The system shall ensure audit logs cannot be modified.
## 7.6.2 The system shall ensure audit logs cannot be deleted by unauthorized users.
## 7.6.3 The system shall ensure audit logs are securely stored.

## 7.7 Report Export
## 7.7.1 The system shall allow authorized users to export re

[45] source=beb42617cfc95144 type=SrcChunk hops=0 score=0.6476 chunk=beb42617cfc95144 doc=JIRA-Delivery-Control.md rel=VECTOR_SIMILARITY
arta"",
        ""timestamp"": ""2026-03-10T11:30:00Z"",
        ""text"": ""Please confirm how unsupported edge windows should appear in the user flow. There is a difference between a slot that is structurally outside delivery hours and one that is technically valid but already unavailable.""
      }
    ]
  },
  {
    ""ticket_id"": ""JIRA-DEL-803"",
    ""summary"": ""Delivery Status Lifecycle"",
    ""description"": ""Implement the delivery lifecycle flow and ensure the system can track operational delivery progress while keeping users informed when delivery state changes occur."",
    ""status"": ""Closed"",
    ""comments"": [
      {
        ""author"": ""Backend Engineer Tomas"",
        ""timestamp"": ""2026-03-11T09:20:00Z"",
        ""text"": ""The operational status progression is implemented, but we should confirm whether all internal delivery transitions are meant to be exposed directly to users or whether some should remain back-office only.""
      }
    ]
  },
  {
    ""ticket_id"": ""JIRA-DEL-804"",
    ""summary"": ""Delivery Fee Calculation"",
    ""description"": ""Implement delivery fee calculation according to the configured logistics rules and ensure applicable delivery charges flow into billing in a consis

[46] source=1531165a3c8df366 type=SrcChunk hops=0 score=0.6458 chunk=1531165a3c8df366 doc=JIRA-Notifications.md rel=VECTOR_SIMILARITY
imestamp"": ""2026-02-25T14:00:00Z"",
        ""text"": ""Please confirm which identifier wording should appear in outbound messages. The specification and the warehouse-facing screens do not use exactly the same term, and I want to avoid sending emails that confuse end users.""
      }
    ]
  },
  {
    ""ticket_id"": ""JIRA-NOTIF-506"",
    ""summary"": ""User Notification Preferences"",
    ""description"": ""Allow users to manage notification preferences by category, while clarifying whether any event classes are considered business-critical and therefore not fully optional."",
    ""status"": ""In Progress"",
    ""comments"": [
      {
        ""author"": ""Developer Dave"",
        ""timestamp"": ""2026-02-26T10:00:00Z"",
        ""text"": ""There is a policy ambiguity here: product preference settings suggest broad user control, but management feedback indicates that some approval-related messages may need to remain non-optional. I need confirmation before deciding whether these events should bypass normal preference filtering.""
      }
    ]
  },
  {
    ""ticket_id"": ""JIRA-NOTIF-507"",
    ""summary"": ""Notification Event Logging"",
    ""description"": ""Log notification generation and delivery outcomes so author

[47] source=9694bf5bcf380db0 type=SrcChunk hops=0 score=0.6869 chunk=9694bf5bcf380db0 doc=JIRA-Payment.md rel=VECTOR_SIMILARITY
or wait for a separate business decision.""
      }
    ]
  },
  {
    ""ticket_id"": ""JIRA-PAY-605"",
    ""summary"": ""Duplicate Payment Prevention"",
    ""description"": ""Implement idempotent payment protection so the same invoice cannot be settled multiple times through repeated requests or retries."",
    ""status"": ""To Do""
  },
  {
    ""ticket_id"": ""JIRA-PAY-606"",
    ""summary"": ""Refund Management Logic"",
    ""description"": ""Support authorized refund handling while preserving traceability to the original payment and ensuring the refunded amount remains within the permitted financial boundary."",
    ""status"": ""To Do""
  },
  {
    ""ticket_id"": ""JIRA-PAY-607"",
    ""summary"": ""Billing History and Immutability"",
    ""description"": ""Implement billing history access and preserve the immutability expectations of completed financial records so users and administrators can review prior invoices and payments without altering finalized outcomes."",
    ""status"": ""To Do""
  },
  {
    ""ticket_id"": ""JIRA-PAY-608"",
    ""summary"": ""Billing Access Control"",
    ""description"": ""Implement access control rules for billing records so users can view only their own financial history while authorized roles can ","Generated 10 executable Gherkin tests for R6 (Pending-account cleanup). Tests cover the core requirement of automatic deletion of Pending accounts after 30 days, account lifecycle transitions, data removal compliance, and exception scenarios around manual deletion grace periods and activation link behavior post-cleanup. Tests are grounded in operative context from PRIMARY evidence E1 and E4, with supporting lifecycle context from E2, E5, E15, E20, and known issue references E13, E14.",System shall automatically delete any user account that remains in Pending status for more than 30 days || ystem shall set the account status to Pending upon successful registration and before email verification. || Account status changes take effect immediately,Manual account deletion may require a 14-day grace period for recovery before permanent wipe (unconfirmed) || Activation links have no documented expiry and may trigger errors on non-existent accounts after cleanup,,,E1|E2|E4|E5|E13|E14|E15|E20,"R6 targets pending-account cleanup. PRIMARY evidence E1 and E4 establish the core requirement: automatic deletion of Pending accounts after 30 days with removal of associated personal data except audit logs (GDPR data minimization). E2, E5, E15, E20 provide account lifecycle context showing Pending status is set upon registration and blocks authentication. E13 and E14 identify the activation expiry/pending cleanup gap as a known issue. E4 raises unresolved questions about manual deletion grace periods and activation link behavior post-cleanup. The 30-day automatic cleanup rule is clearly stated in PRIMARY evidence and should be operative. However, the interaction with activation links (no expiry documented) and manual deletion procedures (grace period unconfirmed) remain gaps that affect test design. Filtered abstract or low-relevance operative statements: All associated personal data must be removed upon automatic deletion, except for minimal audit logs required by retention policy | Pending accounts are created upon successful registration before email verification | Pending accounts cannot authenticate or access the platform",1,0,0,0
1cb52207,R6,hybrid,full,anthropic,claude-haiku-4-5-20251001,2,2026-07-03.v3,R6_5,Pending accounts cannot authenticate,"Feature: Pending Account Access Control
  Scenario: Pending account cannot authenticate to the platform
    Given a user account is in Pending status
    When the user attempts to authenticate
    Then authentication should fail
    And access to the platform should be denied","Operative context establishes that Pending accounts cannot authenticate or access the platform, which is a key characteristic of the Pending state that precedes cleanup.",E2|E5,Pending accounts cannot authenticate or access the platform,0013387e34dddff9|0374b1fefbab130e|1531165a3c8df366|1d3d27d1a24b72f0|1da852dd7949b438|22d80e39745d1186|2b468c2425caf512|2f105702c1c1c3f3|2fb79f7446b24909|39e8811963c4099a|44723706e3ff4356|56489466fbfffbaa|66d61fc1f995d676|69182d61c773aadd|6c5380267c218234|7306d641eb9b0bb2|854f7de27dc6118d|8f047482d7206346|8f9c14a11698d93e|9437222564f7ac64|9694bf5bcf380db0|9978dc0dcd43a512|A44|A5|A8|C1|G1|G63|G93c|I3|I4|R6|a4a287abb143e79a|beb42617cfc95144|c9549ababe52be5f|cb19aeaad55d5a74|d1f9814887e95dcd|dbdfe9579474ba43|e633209b9a702ede|e6716dab172b3183|e6fe5b64787f87a6|ebea956274025791|f5347fc41dbe1de1,Pending-account cleanup,Pending-account cleanup,"[1] source=R6 type=Requirement/SrcChunk hops=0 chunk=66d61fc1f995d676 doc=JIRA-Auth.md rel=TARGET
 {
        ""author"": ""QA Engineer Marta"",
        ""timestamp"": ""2026-02-16T10:41:00Z"",
        ""text"": ""This contradicts the SRS requirement that email must be unique. Please confirm expected behavior.""
      }
    ]
  },
  {
  ""ticket_id"": ""JIRA-Auth-112"",
  ""summary"": ""Registration - Auto-cleanup for unactivated accounts and Data Retention"",
  ""description"": ""To comply with data minimization principles, the system shall automatically delete any user account that remains in 'Pending' status for more than 30 days. All associated personal data must be removed, except for minimal audit logs required by the retention policy."",
  ""comments"": [
    {
      ""author"": ""PM Peter"",
      ""timestamp"": ""2026-02-16T12:05:00Z"",
      ""text"": ""This is an enhancement beyond the initial SRS but aligns with GDPR data minimization.""
    },
    {
      ""author"": ""QA Engineer Marta"",
      ""timestamp"": ""2026-02-16T13:45:00Z"",
      ""text"": ""Logic Gap: If we delete the account after 30 days, what happens to the activation link sent in CONF-AUTH-01 1.5? The link has no expiry in the docs. We need to ensure the link doesn't trigger a 500 error on a non-existent account.""
    },
    {
      ""author"": ""Sec

[2] source=R6 type=Requirement/SrcChunk hops=0 chunk=2b468c2425caf512 doc=CONF-AUTH-01.md rel=TARGET
ystem shall set the account status to Pending upon successful registration and before email verification.
## 1.4.4 The system shall set the account status to Active after successful email verification.
## 1.4.5 The system shall allow the system administrator to change the account status to Suspended.
## 1.4.6 The system shall prevent Suspended accounts from authenticating and accessing the platform.
## 1.4.7 The system shall allow the system administrator to reactivate Suspended accounts by setting the status to Active.
## 1.4.8 The system shall allow the system administrator to set the account status to Deleted.
## 1.4.9 The system shall prevent Deleted accounts from authenticating and accessing the platform.
## 1.4.10 The system shall retain account data for Deleted accounts according to the data retention policy.
## 1.4.11 The system shall ensure that account status changes take effect immediately.

## 1.5. Session Management
## 1.5.1 The system shall create an authenticated session upon successful user authentication.
## 1.5.2 The system shall associate each session with a specific user account.
## 1.5.3 The system shall allow authenticated users to access protected resources o

[3] source=R6 type=Requirement hops=0 rel=TARGET
Pending-account cleanup

[4] source=R6 type=Requirement/SrcChunk hops=0 chunk=2fb79f7446b24909 doc=JIRA-Auth.md rel=TARGET
o the activation link sent in CONF-AUTH-01 1.5? The link has no expiry in the docs. We need to ensure the link doesn't trigger a 500 error on a non-existent account.""
    },
    {
      ""author"": ""Security Engineer Viktor"",
      ""timestamp"": ""2026-02-17T10:10:00Z"",
      ""text"": ""Clarification Needed: When a user manually requests account deletion, should it be immediate, or do we provide a 14-day 'grace period' for recovery before the permanent wipe?""
    }
  ]
},
  {
    ""ticket_id"": ""JIRA-Auth-113"",
    ""summary"": ""Registration - Password policy enforcement"",
    ""description"": ""Enforce password policy rules during registration and prevent weak passwords."",
    ""comments"": [
      {
        ""author"": ""Security Engineer Viktor"",
        ""timestamp"": ""2026-02-16T13:12:00Z"",
        ""text"": ""Missing details: minimum length, complexity requirements, common password blacklist, and whether passphrases are allowed.""
      }
    ],
    ""attachments"": [""EMAIL_CTO_Security_Update.txt""]
  },
{
  ""ticket_id"": ""JIRA-Auth-114"",
  ""summary"": ""Allow registration without phone number"",
  ""description"": ""Some users are reluctant to provide their phone number during registration. Consider making 

[5] source=I4 type=Implementation/SrcChunk hops=1 chunk=8f9c14a11698d93e doc=CONF-AUTH-01.md rel=REFINES
# Documentum ID: TOOLCHAIN-CONF-AUTH-01
# Description: User account registration and lifecycle management
# Status: Effective (v1.0)

## 1 User account registration and lifecycle management

## 1.1 User registration and account activation
## 1.1.1 The user must register in order to access the platform.
## 1.1.2. During registration, the system shall require the user to provide the following mandatory information: first name, last name, phone number, email address
## 1.1.3. The system shall validate that the provided email address is unique and not already associated with an existing account.
## 1.1.4. Upon successful submission of the registration form, the system shall create a new user account with a status of Pending.
## 1.1.5. The system shall send an account activation email to the provided email address containing a unique activation link.
## 1.1.6. The user must activate their account by accessing the activation link.
## 1.1.7. The system shall verify the validity of the activation link.
## 1.1.8. Upon successful activation, the system shall update the account status to Active.
## 1.1.9. The system shall not allow authentication or platform access for accounts that are not i

[6] source=G63 type=Gap/SrcChunk hops=2 chunk=cc00a9173697dc7d doc=JIRA-Payment.md rel=IN_DOC > IN_DOC
[
  {
    ""ticket_id"": ""JIRA-PAY-601"",
    ""summary"": ""Pricing Configuration Service"",
    ""description"": ""Implement the pricing configuration layer so authorized users can define rental pricing structures and apply them consistently to rentable items without retroactively changing already established rental records."",
    ""status"": ""Closed""
  },
  {
    ""ticket_id"": ""JIRA-PAY-602"",
    ""summary"": ""Price Calculation and Precision"",
    ""description"": ""Implement rental cost calculation based on duration and pricing rules, and make sure the resulting amount is derived consistently across calculation, storage, and user-facing display. International billing and currency presentation should be treated as a related operational concern, but must not silently override the core pricing logic."",
    ""status"": ""In Progress"",
    ""comments"": [
      {
        ""author"": ""Developer Dave"",
        ""timestamp"": ""2026-03-01T10:00:00Z"",
        ""text"": ""The current specification defines correctness expectations for the total, but it does not fully spell out how edge-case fractions should be handled at each calculation stage. I started with a simplified approach for partial-unit handling, but this ne

[7] source=G1 type=Gap/SrcChunk hops=1 chunk=1d3d27d1a24b72f0 doc=JIRA-Auth.md rel=AFFECTS
that use invalid or expired activation tokens and show an appropriate error state."",
    ""comments"": []
  },
  {
  ""ticket_id"": ""JIRA-Auth-108"",
  ""summary"": ""Registration - Security hardening: Prevent email enumeration"",
  ""description"": ""To prevent attackers from discovering registered users, the registration flow must use generic responses. \n\nRequirement:\nIf a user tries to register with an email address that is already in use, the system MUST NOT display an error message stating 'Email already exists'. \nInstead, it should display a generic message: 'If this email is valid, a message has been sent to it.'"",
  ""comments"": [
    {
      ""author"": ""Security Engineer Viktor"",
      ""timestamp"": ""2026-02-16T10:00:00Z"",
      ""text"": ""This is critical for OWA (OWASP) compliance. We cannot leak user existence through the registration form.""
    }
  ]
},
  {
    ""ticket_id"": ""JIRA-Auth-109"",
    ""summary"": ""Authentication gate - Block login for non-Active accounts"",
    ""description"": ""The system shall not allow authentication or platform access for accounts that are not in Active status (e.g., Pending, Suspended, Deleted)."",
    ""comments"": []
  },
  {
    ""ticket_id"": ""JIRA-Auth-1

[8] source=G1 type=Gap hops=1 rel=AFFECTS
Activation expiry / pending cleanup gap

[9] source=I3 type=Implementation/SrcChunk hops=2 chunk=56489466fbfffbaa doc=JIRA-Auth.md rel=IN_DOC > IN_DOC
The system shall not allow authentication or platform access for accounts that are not in Active status (e.g., Pending, Suspended, Deleted)."",
    ""comments"": []
  },
  {
    ""ticket_id"": ""JIRA-Auth-110"",
    ""summary"": ""Activation token - Enforce single-use"",
    ""description"": ""Activation tokens shall be single-use. After a successful activation, the system shall invalidate the activation token immediately to prevent reuse."",
    ""comments"": []
  },
  {
    ""ticket_id"": ""JIRA-Auth-111"",
    ""summary"": ""Support registration for multiple users sharing the same email address"",
    ""description"": ""In some use cases (e.g. family accounts or shared organizational email addresses), multiple users may attempt to register using the same email address. Instead of enforcing strict email uniqueness, we may allow multiple accountsto share the same email if another identifier (such as phone number) is unique. This would require adjusting the registration validation logic."",
    ""comments"": [
      {
        ""author"": ""QA Engineer Marta"",
        ""timestamp"": ""2026-02-16T10:41:00Z"",
        ""text"": ""This contradicts the SRS requirement that email must be unique. Please confirm expected behavior

[10] source=G93c type=Gap/SrcChunk hops=2 chunk=ebea956274025791 doc=JIRA-Payment.md rel=IN_DOC > IN_DOC
ctations for the total, but it does not fully spell out how edge-case fractions should be handled at each calculation stage. I started with a simplified approach for partial-unit handling, but this needs confirmation before we freeze the behavior.""
      },
      {
        ""author"": ""QA Marta"",
        ""timestamp"": ""2026-03-01T14:00:00Z"",
        ""text"": ""Please verify the consistency of subtotal, tax, and final amount handling. A display-friendly simplification in one layer can still produce visible mismatches later if the stored and presented totals are derived differently.""
      },
      {
        ""author"": ""Developer Dave"",
        ""timestamp"": ""2026-03-04T15:00:00Z"",
        ""text"": ""UI note: finance asked for cleaner presentation in one of the pilot currency scenarios, so I explored a more compact display format there while keeping more precise values in the underlying records. We need confirmation that the user-facing total must always match the persisted billing amount exactly.""
      }
    ]
  },
  {
    ""ticket_id"": ""JIRA-PAY-603"",
    ""summary"": ""Invoice Generation Engine"",
    ""description"": ""Generate invoices for billable rental outcomes, assign stable invoice identif

[11] source=C1 type=Communication/SrcChunk hops=2 chunk=6bb3b84e337f31dc doc=JIRA-Auth.md rel=IN_DOC > IN_DOC
nd whether hyphens/accents are allowed in names.""
      },
      {
        ""author"": ""Developer Dave"",
        ""timestamp"": ""2026-02-15T14:38:00Z"",
        ""text"": ""Leading/trailing spaces will be trimmed. Hyphens and accents are allowed.""
      },
      {
        ""author"": ""QA Engineer Marta"",
        ""timestamp"": ""2026-02-16T07:16:00Z"",
        ""text"": ""Will first and last names be entered in separate fields? Will we support a middle name?""
      },
      {
        ""author"": ""PM Peter"",
        ""timestamp"": ""2026-02-16T12:58:00Z"",
        ""text"": ""First and last name are separate fields. Middle name is optional.""
      },
      {
        ""author"": ""QA Engineer Marta"",
        ""timestamp"": ""2026-02-16T16:43:00Z"",
        ""text"": ""Do we support double surnames or special characters (e.g. apostrophe in O'Connor)?""
      }
    ],
	""attachments"": [""EMAIL_LEGAL_GDPR_Compliance.txt""]
  },
  {
    ""ticket_id"": ""JIRA-Auth-102"",
    ""summary"": ""Registration - Email uniqueness validation"",
    ""description"": ""Validate that the email address provided during registration is unique and not already associated with an existing account. Uniqueness validation shall be case-insensitive."",
    ""comm

[12] source=A5 type=Actor/SrcChunk hops=2 chunk=b046296a3e9c6aab doc=JIRA-Auth.md rel=IN_DOC > IN_DOC
""description"": ""Validate that the email address provided during registration is unique and not already associated with an existing account. Uniqueness validation shall be case-insensitive."",
    ""comments"": [
      {
        ""author"": ""QA Engineer Marta"",
        ""timestamp"": ""2026-02-15T08:22:00Z"",
        ""text"": ""Should email addresses be case-sensitive when checking for uniqueness? (e.g. Test@t.com = test@t.com?)""
      }
    ]
  },
{
  ""ticket_id"": ""JIRA-Auth-103"",
  ""summary"": ""Registration - Phone number validation and normalization"",
  ""description"": ""Validate phone number format during registration and store it in normalized E.164 format. Reject invalid formats and normalize acceptable inputs."",
  ""comments"": [
    {
      ""author"": ""QA Engineer Marta"",
      ""timestamp"": ""2026-02-15T10:22:00Z"",
      ""text"": ""Please confirm whether we accept spaces, parentheses, and dashes in phone number input (e.g., +36 (30) 123-4567) and normalize it. Also, should the email address format be validated during registration?""
    },
    {
      ""author"": ""Developer Dave"",
      ""timestamp"": ""2026-02-15T11:05:00Z"",
      ""text"": ""Yes, we will accept common separators and normalize phone nu

[13] source=A8 type=Actor/SrcChunk hops=2 chunk=ce4209d8f88ab7e7 doc=JIRA-Auth.md rel=IN_DOC > IN_DOC
[
  {
    ""ticket_id"": ""JIRA-Auth-101"",
    ""summary"": ""Registration - Create account with mandatory fields"",
    ""description"": ""Implement user registration functionality. The system shall require first name, last name, phone number, email address, and password. All fields are mandatory and must be validated before submission. \n\nAdditionally, the form must include:\n1. A single 'Terms and Conditions' checkbox that represents acceptance of both the Terms of Service and Privacy Policy.\n2. A 'Submit' button that remains disabled until all mandatory fields are filled and the legal consent checkbox is checked."",
    ""comments"": [
      {
        ""author"": ""Tool Master Lesly"",
        ""timestamp"": ""2026-02-15T09:00:00Z"",
        ""text"": ""Name fields must be limited to 50 characters due to database constraints.""
      },
      {
        ""author"": ""QA Engineer Marta"",
        ""timestamp"": ""2026-02-15T09:09:00Z"",
        ""text"": ""Please clarify if leading/trailing spaces should be trimmed and whether hyphens/accents are allowed in names.""
      },
      {
        ""author"": ""Developer Dave"",
        ""timestamp"": ""2026-02-15T14:38:00Z"",
        ""text"": ""Leading/trailing spaces will be tri

[14] source=A44 type=Actor/SrcChunk hops=2 chunk=c48c34de8cf76bce doc=EMAIL_SUPPORT_Emergency_Override.txt rel=IN_DOC > IN_DOC
From: support_lead@toolchain.com
Date: 2026-02-24 15:30
Subject: Escalation: exception handling for priority customers

Hi Dev Team,

Support keeps running into cases where a high-priority customer wants to secure an item even though the system currently treats the time window as blocked because of another pending request.

Operationally, the team is asking whether specially authorized staff should be able to intervene in those cases and resolve the conflict manually, rather than forcing the customer to wait for the ordinary availability flow to clear on its own. In practice this would mean allowing a priority booking path to take precedence over weaker, not-yet-confirmed demand.

Please do not treat this as confirmed product policy yet. We need guidance on whether this should remain a support-side exception process, or whether the booking logic itself is expected to support it.

Regards,
Sarah (Support Lead)

[15] source=8f9c14a11698d93e type=SrcChunk hops=0 score=0.6735 chunk=8f9c14a11698d93e doc=CONF-AUTH-01.md rel=VECTOR_SIMILARITY
# Documentum ID: TOOLCHAIN-CONF-AUTH-01
# Description: User account registration and lifecycle management
# Status: Effective (v1.0)

## 1 User account registration and lifecycle management

## 1.1 User registration and account activation
## 1.1.1 The user must register in order to access the platform.
## 1.1.2. During registration, the system shall require the user to provide the following mandatory information: first name, last name, phone number, email address
## 1.1.3. The system shall validate that the provided email address is unique and not already associated with an existing account.
## 1.1.4. Upon successful submission of the registration form, the system shall create a new user account with a status of Pending.
## 1.1.5. The system shall send an account activation email to the provided email address containing a unique activation link.
## 1.1.6. The user must activate their account by accessing the activation link.
## 1.1.7. The system shall verify the validity of the activation link.
## 1.1.8. Upon successful activation, the system shall update the account status to Active.
## 1.1.9. The system shall not allow authentication or platform access for accounts that are not i

[16] source=6c5380267c218234 type=SrcChunk hops=0 score=0.6736 chunk=6c5380267c218234 doc=JIRA-Lifecycle.md rel=VECTOR_SIMILARITY
 [
      {
        ""author"": ""Backend Engineer Tomas"",
        ""timestamp"": ""2026-02-12T14:20:00Z"",
        ""text"": ""RBAC (Role-Based Access Control) integrated. Only users with 'OPERATOR' or 'ADMIN' roles can trigger approval.""
      }
    ]
  },
  {
    ""ticket_id"": ""JIRA-LIFE-204"",
    ""summary"": ""Manual Rent Completion for Operators"",
    ""description"": ""Allow authorized users to manually trigger rent completion. This is required for early returns."",
    ""status"": ""In Progress"",
    ""comments"": [
      {
        ""author"": ""QA Engineer Marta"",
        ""timestamp"": ""2026-02-21T10:15:00Z"",
        ""text"": ""Clarification needed: If an operator completes a rent early, does the 'Maintenance' (v1.2) period start immediately, or only at the original end date?""
      }
    ]
  },
  {
  ""ticket_id"": ""JIRA-LIFE-205"",
  ""summary"": ""Bug: Penalty applied during early operator cancellation"",
  ""description"": ""An operator reported that a rent was stopped shortly after it became active, but the system still applied a penalty fee. Based on earlier lifecycle guidance, there may have been a short tolerance window in which this kind of early cancellation should not have triggered the charge."",
  ""s

[17] source=f5347fc41dbe1de1 type=SrcChunk hops=0 score=0.6451 chunk=f5347fc41dbe1de1 doc=TOOLCHAIN-CONF-RENT-01-v1.2.md rel=VECTOR_SIMILARITY
 Approved status.

## 2.5 Rent Completion and Maintenance
## 2.5.1 (REVISED) Upon reaching the rental end date, the system shall update the status to 'Maintenance'.
## 2.5.2 (REVISED) Maintenance duration is dynamic and depends on the specific Equipment Category as defined in the Maintenance Matrix.
## 2.5.3 After the maintenance period is completed, the status transitions to 'Available'.

## 2.6 Rent Cancellation
## 2.6.1 The system shall allow users to cancel rent records that are in Requested status.
## 2.6.2 (REVISED) The system shall allow authorized users to cancel rent records that are in Approved or Active status.
## 2.6.3 The system shall update the rent status to Cancelled when a rent is cancelled.
## 2.6.4 The system shall prevent cancellation of rent records that are already Completed or Cancelled.

## 2.7 Rent Modification Rules
## 2.7.1 The system shall allow modification of rent records only when the rent status is Requested.
## 2.7.2 The system shall prevent modification of rent records that are in Approved, Active, Completed, Rejected, or Cancelled status, unless explicitly permitted.
## 2.7.3 The system shall validate all changes before saving modifications.

## 2

[18] source=44723706e3ff4356 type=SrcChunk hops=0 score=0.6826 chunk=44723706e3ff4356 doc=JIRA-Lifecycle.md rel=VECTOR_SIMILARITY
tem still applied a penalty fee. Based on earlier lifecycle guidance, there may have been a short tolerance window in which this kind of early cancellation should not have triggered the charge."",
  ""status"": ""New"",
  ""comments"": [
    {
      ""author"": ""Developer Dave"",
      ""timestamp"": ""2026-02-21T09:00:00Z"",
      ""text"": ""I checked the current cancellation rules and they still allow stopping an active rent, but I cannot find the earlier exemption language that would have waived the penalty in the initial operator tolerance window. It may have been removed, or it may simply be missing from the latest write-up.""
    },
    {
      ""author"": ""PM Peter"",
      ""timestamp"": ""2026-02-21T11:00:00Z"",
      ""text"": ""This needs confirmation. If the newer lifecycle material dropped that exception without an explicit decision, we need to determine whether that was intentional or a documentation gap.""
    }
  ]
}
]

[19] source=9437222564f7ac64 type=SrcChunk hops=0 score=0.6885 chunk=9437222564f7ac64 doc=JIRA-Item.md rel=VECTOR_SIMILARITY
tion"": ""Implement the immediate status change for items (Available/Unavailable). Ensure items marked Unavailable cannot be rented."",
    ""status"": ""In Progress"",
    ""comments"": [
      {
        ""author"": ""Developer Dave"",
        ""timestamp"": ""2026-02-22T10:00:00Z"",
        ""text"": ""Logic check: If an item is currently 'Active' in a rent record, can an admin still set it to 'Unavailable'? The specification says status changes take effect immediately.""
      }
    ]
  },
  {
    ""ticket_id"": ""JIRA-ITEM-305"",
    ""summary"": ""Item Deletion Logic (Soft Delete)"",
    ""description"": ""Implement deletion of items using a soft-delete approach instead of physical removal. Prevent deletion when the item is still referenced by active rental activity, and confirm how the business deletion outcome should map to the current technical status model."",
    ""status"": ""To Do"",
    ""comments"": [
      {
        ""author"": ""Backend Engineer Tomas"",
        ""timestamp"": ""2026-02-22T12:00:00Z"",
        ""text"": ""Terminology check: the deletion outcome described in the specification does not map cleanly to the status values currently supported in the database. I need confirmation whether deleted items shou

[20] source=2b468c2425caf512 type=SrcChunk hops=0 score=0.7017 chunk=2b468c2425caf512 doc=CONF-AUTH-01.md rel=VECTOR_SIMILARITY
ystem shall set the account status to Pending upon successful registration and before email verification.
## 1.4.4 The system shall set the account status to Active after successful email verification.
## 1.4.5 The system shall allow the system administrator to change the account status to Suspended.
## 1.4.6 The system shall prevent Suspended accounts from authenticating and accessing the platform.
## 1.4.7 The system shall allow the system administrator to reactivate Suspended accounts by setting the status to Active.
## 1.4.8 The system shall allow the system administrator to set the account status to Deleted.
## 1.4.9 The system shall prevent Deleted accounts from authenticating and accessing the platform.
## 1.4.10 The system shall retain account data for Deleted accounts according to the data retention policy.
## 1.4.11 The system shall ensure that account status changes take effect immediately.

## 1.5. Session Management
## 1.5.1 The system shall create an authenticated session upon successful user authentication.
## 1.5.2 The system shall associate each session with a specific user account.
## 1.5.3 The system shall allow authenticated users to access protected resources o

[21] source=9978dc0dcd43a512 type=SrcChunk hops=0 score=0.6891 chunk=9978dc0dcd43a512 doc=JIRA-Item.md rel=VECTOR_SIMILARITY
"": ""Terminology check: the deletion outcome described in the specification does not map cleanly to the status values currently supported in the database. I need confirmation whether deleted items should reuse a non-rentable status or whether this requires a separate lifecycle value.""
      }
    ]
  }
]

[22] source=a4a287abb143e79a type=SrcChunk hops=0 score=0.6878 chunk=a4a287abb143e79a doc=JIRA-Rewards.md rel=VECTOR_SIMILARITY
nal buffer before charges apply.""
      }
    ]
  },
  {
    ""ticket_id"": ""JIRA-REW-905"",
    ""summary"": ""Penalty Dispute Workflow"",
    ""description"": ""Implement penalty dispute submission and resolution so users can challenge penalty outcomes and authorized staff can record the final decision together with any resulting adjustment."",
    ""status"": ""To Do""
  },
  {
    ""ticket_id"": ""JIRA-REW-906"",
    ""summary"": ""Adjustment Audit Logging"",
    ""description"": ""Log loyalty and penalty adjustments in a way that preserves traceability, supports controlled review, and remains compatible with the platform's broader privacy and auditability expectations."",
    ""status"": ""In Progress"",
    ""comments"": [
      {
        ""author"": ""Developer Dave"",
        ""timestamp"": ""2026-03-17T09:00:00Z"",
        ""text"": ""Auditability note: the requirement expects user-linked traceability for adjustments, but we should confirm whether direct user-identifying values belong in the raw adjustment log or whether authorized reviewers should resolve identities through a controlled lookup path.""
      }
    ]
  }
]

[23] source=69182d61c773aadd type=SrcChunk hops=0 score=0.6833 chunk=69182d61c773aadd doc=CONF-AUTH-01.md rel=VECTOR_SIMILARITY
# 1.3.6. The system shall allow users to initiate a password reset process if they forget their password.
## 1.3.7. The system shall require the user to provide their registered email address to initiate the password reset process.
## 1.3.8. The system shall send a password reset email containing a unique, time-limited reset link to the user's registered email address.
## 1.3.9. The system shall validate the reset link before allowing the user to set a new password.
## 1.3.10. The system shall allow the user to set a new password only if the reset link is valid and has not expired.
## 1.3.11. The system shall invalidate the reset link after successful password reset.
## 1.3.12. The system shall invalidate all active sessions after a successful password change or reset.

## 1.4. Account Status Management
## 1.4.1 The system shall assign a status to each user account.
## 1.4.2 The system shall support the following account statuses: Pending, Active, Suspended, and Deleted.
## 1.4.3 The system shall set the account status to Pending upon successful registration and before email verification.
## 1.4.4 The system shall set the account status to Active after successful email verification

[24] source=e6716dab172b3183 type=SrcChunk hops=0 score=0.6763 chunk=e6716dab172b3183 doc=JIRA-Availability.md rel=VECTOR_SIMILARITY
: ""Maintenance Period Management"",
    ""description"": ""Implement maintenance windows for items, ensure those periods block rental activity, and make the item appear non-rentable while the maintenance window is in effect."",
    ""status"": ""In Progress"",
    ""comments"": [
      {
        ""author"": ""Tomas"",
        ""timestamp"": ""2026-02-24T10:00:00Z"",
        ""text"": ""Current implementation path uses the existing non-rentable status handling for maintenance-related periods as well. We should confirm whether the user interface needs to distinguish maintenance from other forms of temporary unavailability.""
      }
    ]
  },
  {
    ""ticket_id"": ""JIRA-AVAIL-405"",
    ""summary"": ""Real-time Status Sync"",
    ""description"": ""Ensure availability changes are applied immediately when relevant rental lifecycle events or availability controls are updated."",
    ""status"": ""To Do""
  }
]

[25] source=ebea956274025791 type=SrcChunk hops=0 score=0.6744 chunk=ebea956274025791 doc=JIRA-Payment.md rel=VECTOR_SIMILARITY
ctations for the total, but it does not fully spell out how edge-case fractions should be handled at each calculation stage. I started with a simplified approach for partial-unit handling, but this needs confirmation before we freeze the behavior.""
      },
      {
        ""author"": ""QA Marta"",
        ""timestamp"": ""2026-03-01T14:00:00Z"",
        ""text"": ""Please verify the consistency of subtotal, tax, and final amount handling. A display-friendly simplification in one layer can still produce visible mismatches later if the stored and presented totals are derived differently.""
      },
      {
        ""author"": ""Developer Dave"",
        ""timestamp"": ""2026-03-04T15:00:00Z"",
        ""text"": ""UI note: finance asked for cleaner presentation in one of the pilot currency scenarios, so I explored a more compact display format there while keeping more precise values in the underlying records. We need confirmation that the user-facing total must always match the persisted billing amount exactly.""
      }
    ]
  },
  {
    ""ticket_id"": ""JIRA-PAY-603"",
    ""summary"": ""Invoice Generation Engine"",
    ""description"": ""Generate invoices for billable rental outcomes, assign stable invoice identif

[26] source=0013387e34dddff9 type=SrcChunk hops=0 score=0.6728 chunk=0013387e34dddff9 doc=TOOLCHAIN-CONF-RENTABLE-ITEM-01.md rel=VECTOR_SIMILARITY
ity status changes take effect immediately.

## 3.4 Item Deletion
## 3.4.1 The system shall allow authorized users to delete items.
## 3.4.2 The system shall prevent deletion of items that have Active rent records.
## 3.4.3 The system shall mark deleted items as Inactive instead of permanently removing them, unless explicitly configured otherwise.

## 3.5 Item Access Control
## 3.5.1 The system shall allow all authenticated users to view available items.
## 3.5.2 The system shall restrict item creation, modification, and deletion to authorized users.

[27] source=e633209b9a702ede type=SrcChunk hops=0 score=0.6724 chunk=e633209b9a702ede doc=CONF-AUTH-01.md rel=VECTOR_SIMILARITY
ion link.
## 1.1.8. Upon successful activation, the system shall update the account status to Active.
## 1.1.9. The system shall not allow authentication or platform access for accounts that are not in Active status.

## 1.2. User Authentication and Login
## 1.2.1. The system shall allow access to the platform only for authenticated users with an account status of Active.
## 1.2.2. The system shall require the user to provide their registered email address and password in order to authenticate.
## 1.2.3. The system shall validate the provided credentials against the stored account data.
## 1.2.4. If the provided credentials are valid and the account status is Active, the system shall authenticate the user and grant access to the platform.
## 1.2.5. If the provided credentials are invalid, the system shall deny access and display an appropriate error message.
## 1.2.6. The system shall deny authentication if the account status is not Active, including but not limited to Pending, Suspended, or Deleted statuses.
## 1.2.7. Upon successful authentication, the system shall create an authenticated session associated with the user.
## 1.2.8. The system shall maintain the authenticated sess

[28] source=56489466fbfffbaa type=SrcChunk hops=0 score=0.6705 chunk=56489466fbfffbaa doc=JIRA-Auth.md rel=VECTOR_SIMILARITY
The system shall not allow authentication or platform access for accounts that are not in Active status (e.g., Pending, Suspended, Deleted)."",
    ""comments"": []
  },
  {
    ""ticket_id"": ""JIRA-Auth-110"",
    ""summary"": ""Activation token - Enforce single-use"",
    ""description"": ""Activation tokens shall be single-use. After a successful activation, the system shall invalidate the activation token immediately to prevent reuse."",
    ""comments"": []
  },
  {
    ""ticket_id"": ""JIRA-Auth-111"",
    ""summary"": ""Support registration for multiple users sharing the same email address"",
    ""description"": ""In some use cases (e.g. family accounts or shared organizational email addresses), multiple users may attempt to register using the same email address. Instead of enforcing strict email uniqueness, we may allow multiple accountsto share the same email if another identifier (such as phone number) is unique. This would require adjusting the registration validation logic."",
    ""comments"": [
      {
        ""author"": ""QA Engineer Marta"",
        ""timestamp"": ""2026-02-16T10:41:00Z"",
        ""text"": ""This contradicts the SRS requirement that email must be unique. Please confirm expected behavior

[29] source=d1f9814887e95dcd type=SrcChunk hops=0 score=0.6699 chunk=d1f9814887e95dcd doc=JIRA-Auth.md rel=VECTOR_SIMILARITY
n - Send confirmation email with activation link"",
    ""description"": ""After successful registration, the system shall send an account activation email to the provided email address. The email shall contain a unique activation link."",
    ""comments"": [
      {
        ""author"": ""Security Engineer Viktor"",
        ""timestamp"": ""2026-02-15T13:40:00Z"",
        ""text"": ""Activation tokens must be cryptographically secure and time-limited. If stored, store hashed tokens.""
      }
    ]
  },
  {
    ""ticket_id"": ""JIRA-Auth-106"",
    ""summary"": ""Activation - Validate activation link and activate account"",
    ""description"": ""Implement activation flow. The system shall validate the activation link/token. If valid, the system shall update the account status from Pending to Active and allow platform access."",
    ""comments"": []
  },
  {
    ""ticket_id"": ""JIRA-Auth-107"",
    ""summary"": ""Activation - Reject invalid or expired tokens"",
    ""description"": ""The system shall reject activation requests that use invalid or expired activation tokens and show an appropriate error state."",
    ""comments"": []
  },
  {
  ""ticket_id"": ""JIRA-Auth-108"",
  ""summary"": ""Registration - Security hardening: Preven

[30] source=cb19aeaad55d5a74 type=SrcChunk hops=0 score=0.6644 chunk=cb19aeaad55d5a74 doc=JIRA-Rewards.md rel=VECTOR_SIMILARITY
[
  {
    ""ticket_id"": ""JIRA-REW-901"",
    ""summary"": ""Loyalty Points Accrual Logic"",
    ""description"": ""Implement loyalty point accrual for completed and successfully settled rental activity, and ensure awarded points are applied to the user account according to the configurable reward policy."",
    ""status"": ""In Progress"",
    ""comments"": [
      {
        ""author"": ""Developer Dave"",
        ""timestamp"": ""2026-03-15T10:00:00Z"",
        ""text"": ""Implementation note: the specification refers to configurable business rules for point awards, but the exact reward formula is not yet finalized. I need confirmation on whether beta should use a temporary default rule or wait for the configurable policy source.""
      }
    ]
  },
  {
    ""ticket_id"": ""JIRA-REW-902"",
    ""summary"": ""Points Redemption and Discount Handling"",
    ""description"": ""Allow loyalty point redemption during billing, validate that the user has sufficient balance, and ensure redemption is recorded consistently together with the related financial outcome."",
    ""status"": ""To Do""
  },
  {
    ""ticket_id"": ""JIRA-REW-903"",
    ""summary"": ""Loyalty Tier Automation"",
    ""description"": ""Implement configurable loyalty tier a

[31] source=22d80e39745d1186 type=SrcChunk hops=0 score=0.6637 chunk=22d80e39745d1186 doc=JIRA-Reporting.md rel=VECTOR_SIMILARITY
 truth to avoid mismatches between invoices and exported summaries.""
      }
    ]
  },
  {
    ""ticket_id"": ""JIRA-REP-703"",
    ""summary"": ""User Activity and Audit Logging"",
    ""description"": ""Implement user activity reporting and audit logging for critical system events, while preserving traceability and staying aligned with privacy constraints around what user-related data may appear in logs and operational views."",
    ""status"": ""In Progress"",
    ""comments"": [
      {
        ""author"": ""Developer Dave"",
        ""timestamp"": ""2026-03-07T08:30:00Z"",
        ""text"": ""Privacy note: the specification expects user-linked auditability, but the current compliance direction discourages exposing directly identifiable personal details in raw logs. I need confirmation on whether administrators should read these records through a controlled lookup layer rather than from the stored log entries alone.""
      }
    ]
  },
  {
    ""ticket_id"": ""JIRA-REP-704"",
    ""summary"": ""Audit Log Integrity"",
    ""description"": ""Ensure audit entries remain protected against unauthorized change or removal, and that the storage approach supports the integrity guarantees defined in the reporting and audit sp

[32] source=1d3d27d1a24b72f0 type=SrcChunk hops=0 score=0.6614 chunk=1d3d27d1a24b72f0 doc=JIRA-Auth.md rel=VECTOR_SIMILARITY
that use invalid or expired activation tokens and show an appropriate error state."",
    ""comments"": []
  },
  {
  ""ticket_id"": ""JIRA-Auth-108"",
  ""summary"": ""Registration - Security hardening: Prevent email enumeration"",
  ""description"": ""To prevent attackers from discovering registered users, the registration flow must use generic responses. \n\nRequirement:\nIf a user tries to register with an email address that is already in use, the system MUST NOT display an error message stating 'Email already exists'. \nInstead, it should display a generic message: 'If this email is valid, a message has been sent to it.'"",
  ""comments"": [
    {
      ""author"": ""Security Engineer Viktor"",
      ""timestamp"": ""2026-02-16T10:00:00Z"",
      ""text"": ""This is critical for OWA (OWASP) compliance. We cannot leak user existence through the registration form.""
    }
  ]
},
  {
    ""ticket_id"": ""JIRA-Auth-109"",
    ""summary"": ""Authentication gate - Block login for non-Active accounts"",
    ""description"": ""The system shall not allow authentication or platform access for accounts that are not in Active status (e.g., Pending, Suspended, Deleted)."",
    ""comments"": []
  },
  {
    ""ticket_id"": ""JIRA-Auth-1

[33] source=8f047482d7206346 type=SrcChunk hops=0 score=0.6589 chunk=8f047482d7206346 doc=JIRA-Availability.md rel=VECTOR_SIMILARITY
op the endpoint for checking whether an item can be rented within a requested period, ensuring the response reflects the latest rental and item-state information at query time."",
    ""status"": ""In Progress"",
    ""comments"": [
      {
        ""author"": ""QA Marta"",
        ""timestamp"": ""2026-02-23T11:00:00Z"",
        ""text"": ""Found an ambiguity in query results after the recent item-management changes. Records that are no longer operationally valid are being surfaced through the same availability wording used for temporarily blocked items, which may mislead users about whether the item is recoverable or simply not rentable at the moment.""
      }
    ]
  },
  {
    ""ticket_id"": ""JIRA-AVAIL-403"",
    ""summary"": ""Manual Availability Restrictions"",
    ""description"": ""Allow authorized users to define manual non-rentable periods and ensure those restrictions take precedence over otherwise rentable time windows."",
    ""status"": ""To Do""
  },
  {
    ""ticket_id"": ""JIRA-AVAIL-404"",
    ""summary"": ""Maintenance Period Management"",
    ""description"": ""Implement maintenance windows for items, ensure those periods block rental activity, and make the item appear non-rentable while the maintenance 

[34] source=39e8811963c4099a type=SrcChunk hops=0 score=0.6505 chunk=39e8811963c4099a doc=TOOLCHAIN-CONF-RENT-01.md rel=VECTOR_SIMILARITY
Approved status.

## 2.5 Rent Completion
## 2.5.1 The system shall update the rent status to Completed when the rental end date is reached.
## 2.5.2 The system shall allow authorized users to manually complete a rent.
## 2.5.3 The system shall prevent completion of rent records that are not in Active status.

## 2.6 Rent Cancellation
## 2.6.1 The system shall allow users to cancel rent records that are in Requested status.
## 2.6.2 The system shall allow authorized users to cancel rent records that are in Approved or Active status.
## 2.6.3 The system shall update the rent status to Cancelled when a rent is cancelled.
## 2.6.4 The system shall prevent cancellation of rent records that are already Completed or Cancelled.

## 2.7 Rent Modification Rules
## 2.7.1 The system shall allow modification of rent records only when the rent status is Requested.
## 2.7.2 The system shall prevent modification of rent records that are in Approved, Active, Completed, Rejected, or Cancelled status, unless explicitly permitted.
## 2.7.3 The system shall validate all changes before saving modifications.

## 2.8 Rent History and Audit
## 2.8.1 The system shall maintain the full lifecycle history of e

[35] source=c9549ababe52be5f type=SrcChunk hops=0 score=0.6472 chunk=c9549ababe52be5f doc=EMAIL_DATA_Internal_Audit_Discrepancy.txt rel=VECTOR_SIMILARITY
From: internal_audit@toolchain.com
Date: 2026-03-08 14:00
Subject: Review findings on reporting consistency

Hi Dev Team,

During our recent reporting review, we found several consistency issues that need clarification before the reporting package can be considered reliable for audit use.

First, the financial outputs do not appear to align cleanly across all billing contexts. In some cases, the figures shown in reports, exported files, and billing records seem to reflect different presentation or calculation assumptions.

Second, the activity and audit views currently favor a privacy-preserving identifier style that makes operational review harder for non-technical auditors. We need to confirm whether this is the intended audit model, or whether authorized reviewers should have access to a controlled identity-resolution path.

Third, exported reporting artifacts do not always appear to match the same underlying interpretation used elsewhere in the platform, which raises a broader question about which data representation should be treated as authoritative for audit purposes.

Please review and confirm the intended source-of-truth model for report generation, export, and audit visib

[36] source=66d61fc1f995d676 type=SrcChunk hops=0 score=0.7355 chunk=66d61fc1f995d676 doc=JIRA-Auth.md rel=VECTOR_SIMILARITY
 {
        ""author"": ""QA Engineer Marta"",
        ""timestamp"": ""2026-02-16T10:41:00Z"",
        ""text"": ""This contradicts the SRS requirement that email must be unique. Please confirm expected behavior.""
      }
    ]
  },
  {
  ""ticket_id"": ""JIRA-Auth-112"",
  ""summary"": ""Registration - Auto-cleanup for unactivated accounts and Data Retention"",
  ""description"": ""To comply with data minimization principles, the system shall automatically delete any user account that remains in 'Pending' status for more than 30 days. All associated personal data must be removed, except for minimal audit logs required by the retention policy."",
  ""comments"": [
    {
      ""author"": ""PM Peter"",
      ""timestamp"": ""2026-02-16T12:05:00Z"",
      ""text"": ""This is an enhancement beyond the initial SRS but aligns with GDPR data minimization.""
    },
    {
      ""author"": ""QA Engineer Marta"",
      ""timestamp"": ""2026-02-16T13:45:00Z"",
      ""text"": ""Logic Gap: If we delete the account after 30 days, what happens to the activation link sent in CONF-AUTH-01 1.5? The link has no expiry in the docs. We need to ensure the link doesn't trigger a 500 error on a non-existent account.""
    },
    {
      ""author"": ""Sec

[37] source=2fb79f7446b24909 type=SrcChunk hops=0 score=0.7124 chunk=2fb79f7446b24909 doc=JIRA-Auth.md rel=VECTOR_SIMILARITY
o the activation link sent in CONF-AUTH-01 1.5? The link has no expiry in the docs. We need to ensure the link doesn't trigger a 500 error on a non-existent account.""
    },
    {
      ""author"": ""Security Engineer Viktor"",
      ""timestamp"": ""2026-02-17T10:10:00Z"",
      ""text"": ""Clarification Needed: When a user manually requests account deletion, should it be immediate, or do we provide a 14-day 'grace period' for recovery before the permanent wipe?""
    }
  ]
},
  {
    ""ticket_id"": ""JIRA-Auth-113"",
    ""summary"": ""Registration - Password policy enforcement"",
    ""description"": ""Enforce password policy rules during registration and prevent weak passwords."",
    ""comments"": [
      {
        ""author"": ""Security Engineer Viktor"",
        ""timestamp"": ""2026-02-16T13:12:00Z"",
        ""text"": ""Missing details: minimum length, complexity requirements, common password blacklist, and whether passphrases are allowed.""
      }
    ],
    ""attachments"": [""EMAIL_CTO_Security_Update.txt""]
  },
{
  ""ticket_id"": ""JIRA-Auth-114"",
  ""summary"": ""Allow registration without phone number"",
  ""description"": ""Some users are reluctant to provide their phone number during registration. Consider making 

[38] source=854f7de27dc6118d type=SrcChunk hops=0 score=0.6732 chunk=854f7de27dc6118d doc=JIRA-Payment.md rel=VECTOR_SIMILARITY
.""
      }
    ]
  },
  {
    ""ticket_id"": ""JIRA-PAY-603"",
    ""summary"": ""Invoice Generation Engine"",
    ""description"": ""Generate invoices for billable rental outcomes, assign stable invoice identifiers, and store the invoice content together with the relevant rental and pricing details."",
    ""status"": ""To Do""
  },
  {
    ""ticket_id"": ""JIRA-PAY-604"",
    ""summary"": ""Payment Processing Integration"",
    ""description"": ""Implement payment handling, including payment-state tracking and linkage between payment, invoice, and rental records. Clarify how unsuccessful payment outcomes should affect downstream rental and availability behavior."",
    ""status"": ""In Progress"",
    ""comments"": [
      {
        ""author"": ""Tomas"",
        ""timestamp"": ""2026-03-02T09:00:00Z"",
        ""text"": ""There is a cross-module ambiguity here: when a payment attempt does not complete successfully, I do not yet know whether the related rental should remain operationally blocked, return to normal availability, or wait for a separate business decision.""
      }
    ]
  },
  {
    ""ticket_id"": ""JIRA-PAY-605"",
    ""summary"": ""Duplicate Payment Prevention"",
    ""description"": ""Implement idempotent payment prote

[39] source=dbdfe9579474ba43 type=SrcChunk hops=0 score=0.6702 chunk=dbdfe9579474ba43 doc=JIRA-Auth.md rel=VECTOR_SIMILARITY
be validated during registration?""
    },
    {
      ""author"": ""Developer Dave"",
      ""timestamp"": ""2026-02-15T11:05:00Z"",
      ""text"": ""Yes, we will accept common separators and normalize phone numbers to E.164 format.""
    },
    {
      ""author"": ""Backend Engineer Tomas"",
      ""timestamp"": ""2026-02-15T11:42:00Z"",
      ""text"": ""Yes, email format must be validated. The email must follow standard format: local-part@domain. The local part may contain letters, numbers, dots, hyphens, and underscores. The domain must contain at least one dot and valid domain name characters. Example of valid format: user.name@example.com""
    }
  ]
},
  {
    ""ticket_id"": ""JIRA-Auth-104"",
    ""summary"": ""Registration - Create Pending account after successful submission"",
    ""description"": ""Upon successful submission of the registration form, the system shall create a new user account with status set to Pending."",
    ""comments"": []
  },
  {
    ""ticket_id"": ""JIRA-Auth-105"",
    ""summary"": ""Activation - Send confirmation email with activation link"",
    ""description"": ""After successful registration, the system shall send an account activation email to the provided email address. The email shall c

[40] source=0374b1fefbab130e type=SrcChunk hops=0 score=0.6610 chunk=0374b1fefbab130e doc=JIRA-Payment.md rel=VECTOR_SIMILARITY
PAY-608"",
    ""summary"": ""Billing Access Control"",
    ""description"": ""Implement access control rules for billing records so users can view only their own financial history while authorized roles can review broader payment and invoice data."",
    ""status"": ""Closed""
  }
]

[41] source=7306d641eb9b0bb2 type=SrcChunk hops=0 score=0.6546 chunk=7306d641eb9b0bb2 doc=EMAIL_FINANCE_MultiCurrency_HACK.txt rel=VECTOR_SIMILARITY
cial records.

Best,
Finance Dept.

[42] source=2f105702c1c1c3f3 type=SrcChunk hops=0 score=0.6532 chunk=2f105702c1c1c3f3 doc=JIRA-Auth.md rel=VECTOR_SIMILARITY
t: Clear error messages"",
  ""description"": ""Our support team reports that users are confused by generic messages. We need to provide clear, actionable feedback during registration.\n\nRequirement:\nIf an email address is already registered, the system should clearly state: 'This email address is already registered. Please log in or reset your password.'"",
  ""comments"": [
    {
      ""author"": ""UX Writer Nora"",
      ""timestamp"": ""2026-02-17T09:30:00Z"",
      ""text"": ""Generic messages lead to high drop-off rates. Users think the system is broken if they don't get a specific reason for failure.""
    }
  ]
},
{
  ""ticket_id"": ""JIRA-Auth-116"",
  ""summary"": ""Initial login implementation without MFA"",
  ""description"": ""The first implementation of the login endpoint will support email and password authentication only. Multi-factor authentication (MFA) is part of the security roadmap, but will not be implemented in this sprint. Future iterations should extend the authentication flow to support a second factor when enabled."",
  ""comments"": [
    {
      ""author"": ""Developer Dave"",
      ""timestamp"": ""2026-02-18T10:00:00Z"",
      ""text"": ""Login logic is ready. MFA is not part of this sprint,

[43] source=e6fe5b64787f87a6 type=SrcChunk hops=0 score=0.6528 chunk=e6fe5b64787f87a6 doc=TOOLCHAIN-CONF-REWARDS&PANELTIES-01.md rel=VECTOR_SIMILARITY
ll allow users to submit disputes for penalties.
## 9.6.2 The system shall store dispute status including Open, Under Review, Approved, and Rejected.
## 9.6.3 The system shall allow authorized users to resolve disputes.
## 9.6.4 The system shall update penalty records based on dispute outcome.

## 9.7 Adjustment Integrity and Audit
## 9.7.1 The system shall log loyalty and penalty transactions.
## 9.7.2 The system shall store timestamp, user identifier, and adjustment details.
## 9.7.3 The system shall prevent unauthorized modification of loyalty or penalty records.
## 9.7.4 The system shall maintain complete adjustment history.

[44] source=1da852dd7949b438 type=SrcChunk hops=0 score=0.6505 chunk=1da852dd7949b438 doc=TOOLCHAIN-CONF-REPORTING-01.md rel=VECTOR_SIMILARITY
 users to generate reports of user activity.
## 7.3.2 The system shall include rent creation, modification, cancellation, and payment activity in user reports.
## 7.3.3 The system shall allow filtering user activity reports by user identifier.

## 7.4 Audit Logging
## 7.4.1 The system shall record audit logs for critical system events.
## 7.4.2 The system shall log rent lifecycle events.
## 7.4.3 The system shall log item management events.
## 7.4.4 The system shall log payment and billing events.
## 7.4.5 The system shall log authentication and authorization events.

## 7.5 Audit Log Content
## 7.5.1 The system shall include timestamp in audit log entries.
## 7.5.2 The system shall include user identifier in audit log entries.
## 7.5.3 The system shall include event type in audit log entries.
## 7.5.4 The system shall include event outcome in audit log entries.

## 7.6 Audit Log Integrity
## 7.6.1 The system shall ensure audit logs cannot be modified.
## 7.6.2 The system shall ensure audit logs cannot be deleted by unauthorized users.
## 7.6.3 The system shall ensure audit logs are securely stored.

## 7.7 Report Export
## 7.7.1 The system shall allow authorized users to export re

[45] source=beb42617cfc95144 type=SrcChunk hops=0 score=0.6476 chunk=beb42617cfc95144 doc=JIRA-Delivery-Control.md rel=VECTOR_SIMILARITY
arta"",
        ""timestamp"": ""2026-03-10T11:30:00Z"",
        ""text"": ""Please confirm how unsupported edge windows should appear in the user flow. There is a difference between a slot that is structurally outside delivery hours and one that is technically valid but already unavailable.""
      }
    ]
  },
  {
    ""ticket_id"": ""JIRA-DEL-803"",
    ""summary"": ""Delivery Status Lifecycle"",
    ""description"": ""Implement the delivery lifecycle flow and ensure the system can track operational delivery progress while keeping users informed when delivery state changes occur."",
    ""status"": ""Closed"",
    ""comments"": [
      {
        ""author"": ""Backend Engineer Tomas"",
        ""timestamp"": ""2026-03-11T09:20:00Z"",
        ""text"": ""The operational status progression is implemented, but we should confirm whether all internal delivery transitions are meant to be exposed directly to users or whether some should remain back-office only.""
      }
    ]
  },
  {
    ""ticket_id"": ""JIRA-DEL-804"",
    ""summary"": ""Delivery Fee Calculation"",
    ""description"": ""Implement delivery fee calculation according to the configured logistics rules and ensure applicable delivery charges flow into billing in a consis

[46] source=1531165a3c8df366 type=SrcChunk hops=0 score=0.6458 chunk=1531165a3c8df366 doc=JIRA-Notifications.md rel=VECTOR_SIMILARITY
imestamp"": ""2026-02-25T14:00:00Z"",
        ""text"": ""Please confirm which identifier wording should appear in outbound messages. The specification and the warehouse-facing screens do not use exactly the same term, and I want to avoid sending emails that confuse end users.""
      }
    ]
  },
  {
    ""ticket_id"": ""JIRA-NOTIF-506"",
    ""summary"": ""User Notification Preferences"",
    ""description"": ""Allow users to manage notification preferences by category, while clarifying whether any event classes are considered business-critical and therefore not fully optional."",
    ""status"": ""In Progress"",
    ""comments"": [
      {
        ""author"": ""Developer Dave"",
        ""timestamp"": ""2026-02-26T10:00:00Z"",
        ""text"": ""There is a policy ambiguity here: product preference settings suggest broad user control, but management feedback indicates that some approval-related messages may need to remain non-optional. I need confirmation before deciding whether these events should bypass normal preference filtering.""
      }
    ]
  },
  {
    ""ticket_id"": ""JIRA-NOTIF-507"",
    ""summary"": ""Notification Event Logging"",
    ""description"": ""Log notification generation and delivery outcomes so author

[47] source=9694bf5bcf380db0 type=SrcChunk hops=0 score=0.6869 chunk=9694bf5bcf380db0 doc=JIRA-Payment.md rel=VECTOR_SIMILARITY
or wait for a separate business decision.""
      }
    ]
  },
  {
    ""ticket_id"": ""JIRA-PAY-605"",
    ""summary"": ""Duplicate Payment Prevention"",
    ""description"": ""Implement idempotent payment protection so the same invoice cannot be settled multiple times through repeated requests or retries."",
    ""status"": ""To Do""
  },
  {
    ""ticket_id"": ""JIRA-PAY-606"",
    ""summary"": ""Refund Management Logic"",
    ""description"": ""Support authorized refund handling while preserving traceability to the original payment and ensuring the refunded amount remains within the permitted financial boundary."",
    ""status"": ""To Do""
  },
  {
    ""ticket_id"": ""JIRA-PAY-607"",
    ""summary"": ""Billing History and Immutability"",
    ""description"": ""Implement billing history access and preserve the immutability expectations of completed financial records so users and administrators can review prior invoices and payments without altering finalized outcomes."",
    ""status"": ""To Do""
  },
  {
    ""ticket_id"": ""JIRA-PAY-608"",
    ""summary"": ""Billing Access Control"",
    ""description"": ""Implement access control rules for billing records so users can view only their own financial history while authorized roles can ","Generated 10 executable Gherkin tests for R6 (Pending-account cleanup). Tests cover the core requirement of automatic deletion of Pending accounts after 30 days, account lifecycle transitions, data removal compliance, and exception scenarios around manual deletion grace periods and activation link behavior post-cleanup. Tests are grounded in operative context from PRIMARY evidence E1 and E4, with supporting lifecycle context from E2, E5, E15, E20, and known issue references E13, E14.",System shall automatically delete any user account that remains in Pending status for more than 30 days || ystem shall set the account status to Pending upon successful registration and before email verification. || Account status changes take effect immediately,Manual account deletion may require a 14-day grace period for recovery before permanent wipe (unconfirmed) || Activation links have no documented expiry and may trigger errors on non-existent accounts after cleanup,,,E1|E2|E4|E5|E13|E14|E15|E20,"R6 targets pending-account cleanup. PRIMARY evidence E1 and E4 establish the core requirement: automatic deletion of Pending accounts after 30 days with removal of associated personal data except audit logs (GDPR data minimization). E2, E5, E15, E20 provide account lifecycle context showing Pending status is set upon registration and blocks authentication. E13 and E14 identify the activation expiry/pending cleanup gap as a known issue. E4 raises unresolved questions about manual deletion grace periods and activation link behavior post-cleanup. The 30-day automatic cleanup rule is clearly stated in PRIMARY evidence and should be operative. However, the interaction with activation links (no expiry documented) and manual deletion procedures (grace period unconfirmed) remain gaps that affect test design. Filtered abstract or low-relevance operative statements: All associated personal data must be removed upon automatic deletion, except for minimal audit logs required by retention policy | Pending accounts are created upon successful registration before email verification | Pending accounts cannot authenticate or access the platform",1,0,0,0
1cb52207,R6,hybrid,full,anthropic,claude-haiku-4-5-20251001,2,2026-07-03.v3,R6_6,Cleanup does not occur before 30 days,"Feature: Pending Account Cleanup Timing
  Scenario: Account is not deleted before 30-day threshold
    Given a user account is in Pending status
    And the account was created 29 days ago
    When the cleanup job runs
    Then the account should not be deleted
    And the account should remain in Pending status","Clarifies the boundary condition of the 30-day requirement. Accounts should only be deleted after more than 30 days, not before. This ensures users have the full grace period.",E1|E4,System shall automatically delete any user account that remains in Pending status for more than 30 days,0013387e34dddff9|0374b1fefbab130e|1531165a3c8df366|1d3d27d1a24b72f0|1da852dd7949b438|22d80e39745d1186|2b468c2425caf512|2f105702c1c1c3f3|2fb79f7446b24909|39e8811963c4099a|44723706e3ff4356|56489466fbfffbaa|66d61fc1f995d676|69182d61c773aadd|6c5380267c218234|7306d641eb9b0bb2|854f7de27dc6118d|8f047482d7206346|8f9c14a11698d93e|9437222564f7ac64|9694bf5bcf380db0|9978dc0dcd43a512|A44|A5|A8|C1|G1|G63|G93c|I3|I4|R6|a4a287abb143e79a|beb42617cfc95144|c9549ababe52be5f|cb19aeaad55d5a74|d1f9814887e95dcd|dbdfe9579474ba43|e633209b9a702ede|e6716dab172b3183|e6fe5b64787f87a6|ebea956274025791|f5347fc41dbe1de1,Pending-account cleanup,Pending-account cleanup,"[1] source=R6 type=Requirement/SrcChunk hops=0 chunk=66d61fc1f995d676 doc=JIRA-Auth.md rel=TARGET
 {
        ""author"": ""QA Engineer Marta"",
        ""timestamp"": ""2026-02-16T10:41:00Z"",
        ""text"": ""This contradicts the SRS requirement that email must be unique. Please confirm expected behavior.""
      }
    ]
  },
  {
  ""ticket_id"": ""JIRA-Auth-112"",
  ""summary"": ""Registration - Auto-cleanup for unactivated accounts and Data Retention"",
  ""description"": ""To comply with data minimization principles, the system shall automatically delete any user account that remains in 'Pending' status for more than 30 days. All associated personal data must be removed, except for minimal audit logs required by the retention policy."",
  ""comments"": [
    {
      ""author"": ""PM Peter"",
      ""timestamp"": ""2026-02-16T12:05:00Z"",
      ""text"": ""This is an enhancement beyond the initial SRS but aligns with GDPR data minimization.""
    },
    {
      ""author"": ""QA Engineer Marta"",
      ""timestamp"": ""2026-02-16T13:45:00Z"",
      ""text"": ""Logic Gap: If we delete the account after 30 days, what happens to the activation link sent in CONF-AUTH-01 1.5? The link has no expiry in the docs. We need to ensure the link doesn't trigger a 500 error on a non-existent account.""
    },
    {
      ""author"": ""Sec

[2] source=R6 type=Requirement/SrcChunk hops=0 chunk=2b468c2425caf512 doc=CONF-AUTH-01.md rel=TARGET
ystem shall set the account status to Pending upon successful registration and before email verification.
## 1.4.4 The system shall set the account status to Active after successful email verification.
## 1.4.5 The system shall allow the system administrator to change the account status to Suspended.
## 1.4.6 The system shall prevent Suspended accounts from authenticating and accessing the platform.
## 1.4.7 The system shall allow the system administrator to reactivate Suspended accounts by setting the status to Active.
## 1.4.8 The system shall allow the system administrator to set the account status to Deleted.
## 1.4.9 The system shall prevent Deleted accounts from authenticating and accessing the platform.
## 1.4.10 The system shall retain account data for Deleted accounts according to the data retention policy.
## 1.4.11 The system shall ensure that account status changes take effect immediately.

## 1.5. Session Management
## 1.5.1 The system shall create an authenticated session upon successful user authentication.
## 1.5.2 The system shall associate each session with a specific user account.
## 1.5.3 The system shall allow authenticated users to access protected resources o

[3] source=R6 type=Requirement hops=0 rel=TARGET
Pending-account cleanup

[4] source=R6 type=Requirement/SrcChunk hops=0 chunk=2fb79f7446b24909 doc=JIRA-Auth.md rel=TARGET
o the activation link sent in CONF-AUTH-01 1.5? The link has no expiry in the docs. We need to ensure the link doesn't trigger a 500 error on a non-existent account.""
    },
    {
      ""author"": ""Security Engineer Viktor"",
      ""timestamp"": ""2026-02-17T10:10:00Z"",
      ""text"": ""Clarification Needed: When a user manually requests account deletion, should it be immediate, or do we provide a 14-day 'grace period' for recovery before the permanent wipe?""
    }
  ]
},
  {
    ""ticket_id"": ""JIRA-Auth-113"",
    ""summary"": ""Registration - Password policy enforcement"",
    ""description"": ""Enforce password policy rules during registration and prevent weak passwords."",
    ""comments"": [
      {
        ""author"": ""Security Engineer Viktor"",
        ""timestamp"": ""2026-02-16T13:12:00Z"",
        ""text"": ""Missing details: minimum length, complexity requirements, common password blacklist, and whether passphrases are allowed.""
      }
    ],
    ""attachments"": [""EMAIL_CTO_Security_Update.txt""]
  },
{
  ""ticket_id"": ""JIRA-Auth-114"",
  ""summary"": ""Allow registration without phone number"",
  ""description"": ""Some users are reluctant to provide their phone number during registration. Consider making 

[5] source=I4 type=Implementation/SrcChunk hops=1 chunk=8f9c14a11698d93e doc=CONF-AUTH-01.md rel=REFINES
# Documentum ID: TOOLCHAIN-CONF-AUTH-01
# Description: User account registration and lifecycle management
# Status: Effective (v1.0)

## 1 User account registration and lifecycle management

## 1.1 User registration and account activation
## 1.1.1 The user must register in order to access the platform.
## 1.1.2. During registration, the system shall require the user to provide the following mandatory information: first name, last name, phone number, email address
## 1.1.3. The system shall validate that the provided email address is unique and not already associated with an existing account.
## 1.1.4. Upon successful submission of the registration form, the system shall create a new user account with a status of Pending.
## 1.1.5. The system shall send an account activation email to the provided email address containing a unique activation link.
## 1.1.6. The user must activate their account by accessing the activation link.
## 1.1.7. The system shall verify the validity of the activation link.
## 1.1.8. Upon successful activation, the system shall update the account status to Active.
## 1.1.9. The system shall not allow authentication or platform access for accounts that are not i

[6] source=G63 type=Gap/SrcChunk hops=2 chunk=cc00a9173697dc7d doc=JIRA-Payment.md rel=IN_DOC > IN_DOC
[
  {
    ""ticket_id"": ""JIRA-PAY-601"",
    ""summary"": ""Pricing Configuration Service"",
    ""description"": ""Implement the pricing configuration layer so authorized users can define rental pricing structures and apply them consistently to rentable items without retroactively changing already established rental records."",
    ""status"": ""Closed""
  },
  {
    ""ticket_id"": ""JIRA-PAY-602"",
    ""summary"": ""Price Calculation and Precision"",
    ""description"": ""Implement rental cost calculation based on duration and pricing rules, and make sure the resulting amount is derived consistently across calculation, storage, and user-facing display. International billing and currency presentation should be treated as a related operational concern, but must not silently override the core pricing logic."",
    ""status"": ""In Progress"",
    ""comments"": [
      {
        ""author"": ""Developer Dave"",
        ""timestamp"": ""2026-03-01T10:00:00Z"",
        ""text"": ""The current specification defines correctness expectations for the total, but it does not fully spell out how edge-case fractions should be handled at each calculation stage. I started with a simplified approach for partial-unit handling, but this ne

[7] source=G1 type=Gap/SrcChunk hops=1 chunk=1d3d27d1a24b72f0 doc=JIRA-Auth.md rel=AFFECTS
that use invalid or expired activation tokens and show an appropriate error state."",
    ""comments"": []
  },
  {
  ""ticket_id"": ""JIRA-Auth-108"",
  ""summary"": ""Registration - Security hardening: Prevent email enumeration"",
  ""description"": ""To prevent attackers from discovering registered users, the registration flow must use generic responses. \n\nRequirement:\nIf a user tries to register with an email address that is already in use, the system MUST NOT display an error message stating 'Email already exists'. \nInstead, it should display a generic message: 'If this email is valid, a message has been sent to it.'"",
  ""comments"": [
    {
      ""author"": ""Security Engineer Viktor"",
      ""timestamp"": ""2026-02-16T10:00:00Z"",
      ""text"": ""This is critical for OWA (OWASP) compliance. We cannot leak user existence through the registration form.""
    }
  ]
},
  {
    ""ticket_id"": ""JIRA-Auth-109"",
    ""summary"": ""Authentication gate - Block login for non-Active accounts"",
    ""description"": ""The system shall not allow authentication or platform access for accounts that are not in Active status (e.g., Pending, Suspended, Deleted)."",
    ""comments"": []
  },
  {
    ""ticket_id"": ""JIRA-Auth-1

[8] source=G1 type=Gap hops=1 rel=AFFECTS
Activation expiry / pending cleanup gap

[9] source=I3 type=Implementation/SrcChunk hops=2 chunk=56489466fbfffbaa doc=JIRA-Auth.md rel=IN_DOC > IN_DOC
The system shall not allow authentication or platform access for accounts that are not in Active status (e.g., Pending, Suspended, Deleted)."",
    ""comments"": []
  },
  {
    ""ticket_id"": ""JIRA-Auth-110"",
    ""summary"": ""Activation token - Enforce single-use"",
    ""description"": ""Activation tokens shall be single-use. After a successful activation, the system shall invalidate the activation token immediately to prevent reuse."",
    ""comments"": []
  },
  {
    ""ticket_id"": ""JIRA-Auth-111"",
    ""summary"": ""Support registration for multiple users sharing the same email address"",
    ""description"": ""In some use cases (e.g. family accounts or shared organizational email addresses), multiple users may attempt to register using the same email address. Instead of enforcing strict email uniqueness, we may allow multiple accountsto share the same email if another identifier (such as phone number) is unique. This would require adjusting the registration validation logic."",
    ""comments"": [
      {
        ""author"": ""QA Engineer Marta"",
        ""timestamp"": ""2026-02-16T10:41:00Z"",
        ""text"": ""This contradicts the SRS requirement that email must be unique. Please confirm expected behavior

[10] source=G93c type=Gap/SrcChunk hops=2 chunk=ebea956274025791 doc=JIRA-Payment.md rel=IN_DOC > IN_DOC
ctations for the total, but it does not fully spell out how edge-case fractions should be handled at each calculation stage. I started with a simplified approach for partial-unit handling, but this needs confirmation before we freeze the behavior.""
      },
      {
        ""author"": ""QA Marta"",
        ""timestamp"": ""2026-03-01T14:00:00Z"",
        ""text"": ""Please verify the consistency of subtotal, tax, and final amount handling. A display-friendly simplification in one layer can still produce visible mismatches later if the stored and presented totals are derived differently.""
      },
      {
        ""author"": ""Developer Dave"",
        ""timestamp"": ""2026-03-04T15:00:00Z"",
        ""text"": ""UI note: finance asked for cleaner presentation in one of the pilot currency scenarios, so I explored a more compact display format there while keeping more precise values in the underlying records. We need confirmation that the user-facing total must always match the persisted billing amount exactly.""
      }
    ]
  },
  {
    ""ticket_id"": ""JIRA-PAY-603"",
    ""summary"": ""Invoice Generation Engine"",
    ""description"": ""Generate invoices for billable rental outcomes, assign stable invoice identif

[11] source=C1 type=Communication/SrcChunk hops=2 chunk=6bb3b84e337f31dc doc=JIRA-Auth.md rel=IN_DOC > IN_DOC
nd whether hyphens/accents are allowed in names.""
      },
      {
        ""author"": ""Developer Dave"",
        ""timestamp"": ""2026-02-15T14:38:00Z"",
        ""text"": ""Leading/trailing spaces will be trimmed. Hyphens and accents are allowed.""
      },
      {
        ""author"": ""QA Engineer Marta"",
        ""timestamp"": ""2026-02-16T07:16:00Z"",
        ""text"": ""Will first and last names be entered in separate fields? Will we support a middle name?""
      },
      {
        ""author"": ""PM Peter"",
        ""timestamp"": ""2026-02-16T12:58:00Z"",
        ""text"": ""First and last name are separate fields. Middle name is optional.""
      },
      {
        ""author"": ""QA Engineer Marta"",
        ""timestamp"": ""2026-02-16T16:43:00Z"",
        ""text"": ""Do we support double surnames or special characters (e.g. apostrophe in O'Connor)?""
      }
    ],
	""attachments"": [""EMAIL_LEGAL_GDPR_Compliance.txt""]
  },
  {
    ""ticket_id"": ""JIRA-Auth-102"",
    ""summary"": ""Registration - Email uniqueness validation"",
    ""description"": ""Validate that the email address provided during registration is unique and not already associated with an existing account. Uniqueness validation shall be case-insensitive."",
    ""comm

[12] source=A5 type=Actor/SrcChunk hops=2 chunk=b046296a3e9c6aab doc=JIRA-Auth.md rel=IN_DOC > IN_DOC
""description"": ""Validate that the email address provided during registration is unique and not already associated with an existing account. Uniqueness validation shall be case-insensitive."",
    ""comments"": [
      {
        ""author"": ""QA Engineer Marta"",
        ""timestamp"": ""2026-02-15T08:22:00Z"",
        ""text"": ""Should email addresses be case-sensitive when checking for uniqueness? (e.g. Test@t.com = test@t.com?)""
      }
    ]
  },
{
  ""ticket_id"": ""JIRA-Auth-103"",
  ""summary"": ""Registration - Phone number validation and normalization"",
  ""description"": ""Validate phone number format during registration and store it in normalized E.164 format. Reject invalid formats and normalize acceptable inputs."",
  ""comments"": [
    {
      ""author"": ""QA Engineer Marta"",
      ""timestamp"": ""2026-02-15T10:22:00Z"",
      ""text"": ""Please confirm whether we accept spaces, parentheses, and dashes in phone number input (e.g., +36 (30) 123-4567) and normalize it. Also, should the email address format be validated during registration?""
    },
    {
      ""author"": ""Developer Dave"",
      ""timestamp"": ""2026-02-15T11:05:00Z"",
      ""text"": ""Yes, we will accept common separators and normalize phone nu

[13] source=A8 type=Actor/SrcChunk hops=2 chunk=ce4209d8f88ab7e7 doc=JIRA-Auth.md rel=IN_DOC > IN_DOC
[
  {
    ""ticket_id"": ""JIRA-Auth-101"",
    ""summary"": ""Registration - Create account with mandatory fields"",
    ""description"": ""Implement user registration functionality. The system shall require first name, last name, phone number, email address, and password. All fields are mandatory and must be validated before submission. \n\nAdditionally, the form must include:\n1. A single 'Terms and Conditions' checkbox that represents acceptance of both the Terms of Service and Privacy Policy.\n2. A 'Submit' button that remains disabled until all mandatory fields are filled and the legal consent checkbox is checked."",
    ""comments"": [
      {
        ""author"": ""Tool Master Lesly"",
        ""timestamp"": ""2026-02-15T09:00:00Z"",
        ""text"": ""Name fields must be limited to 50 characters due to database constraints.""
      },
      {
        ""author"": ""QA Engineer Marta"",
        ""timestamp"": ""2026-02-15T09:09:00Z"",
        ""text"": ""Please clarify if leading/trailing spaces should be trimmed and whether hyphens/accents are allowed in names.""
      },
      {
        ""author"": ""Developer Dave"",
        ""timestamp"": ""2026-02-15T14:38:00Z"",
        ""text"": ""Leading/trailing spaces will be tri

[14] source=A44 type=Actor/SrcChunk hops=2 chunk=c48c34de8cf76bce doc=EMAIL_SUPPORT_Emergency_Override.txt rel=IN_DOC > IN_DOC
From: support_lead@toolchain.com
Date: 2026-02-24 15:30
Subject: Escalation: exception handling for priority customers

Hi Dev Team,

Support keeps running into cases where a high-priority customer wants to secure an item even though the system currently treats the time window as blocked because of another pending request.

Operationally, the team is asking whether specially authorized staff should be able to intervene in those cases and resolve the conflict manually, rather than forcing the customer to wait for the ordinary availability flow to clear on its own. In practice this would mean allowing a priority booking path to take precedence over weaker, not-yet-confirmed demand.

Please do not treat this as confirmed product policy yet. We need guidance on whether this should remain a support-side exception process, or whether the booking logic itself is expected to support it.

Regards,
Sarah (Support Lead)

[15] source=8f9c14a11698d93e type=SrcChunk hops=0 score=0.6735 chunk=8f9c14a11698d93e doc=CONF-AUTH-01.md rel=VECTOR_SIMILARITY
# Documentum ID: TOOLCHAIN-CONF-AUTH-01
# Description: User account registration and lifecycle management
# Status: Effective (v1.0)

## 1 User account registration and lifecycle management

## 1.1 User registration and account activation
## 1.1.1 The user must register in order to access the platform.
## 1.1.2. During registration, the system shall require the user to provide the following mandatory information: first name, last name, phone number, email address
## 1.1.3. The system shall validate that the provided email address is unique and not already associated with an existing account.
## 1.1.4. Upon successful submission of the registration form, the system shall create a new user account with a status of Pending.
## 1.1.5. The system shall send an account activation email to the provided email address containing a unique activation link.
## 1.1.6. The user must activate their account by accessing the activation link.
## 1.1.7. The system shall verify the validity of the activation link.
## 1.1.8. Upon successful activation, the system shall update the account status to Active.
## 1.1.9. The system shall not allow authentication or platform access for accounts that are not i

[16] source=6c5380267c218234 type=SrcChunk hops=0 score=0.6736 chunk=6c5380267c218234 doc=JIRA-Lifecycle.md rel=VECTOR_SIMILARITY
 [
      {
        ""author"": ""Backend Engineer Tomas"",
        ""timestamp"": ""2026-02-12T14:20:00Z"",
        ""text"": ""RBAC (Role-Based Access Control) integrated. Only users with 'OPERATOR' or 'ADMIN' roles can trigger approval.""
      }
    ]
  },
  {
    ""ticket_id"": ""JIRA-LIFE-204"",
    ""summary"": ""Manual Rent Completion for Operators"",
    ""description"": ""Allow authorized users to manually trigger rent completion. This is required for early returns."",
    ""status"": ""In Progress"",
    ""comments"": [
      {
        ""author"": ""QA Engineer Marta"",
        ""timestamp"": ""2026-02-21T10:15:00Z"",
        ""text"": ""Clarification needed: If an operator completes a rent early, does the 'Maintenance' (v1.2) period start immediately, or only at the original end date?""
      }
    ]
  },
  {
  ""ticket_id"": ""JIRA-LIFE-205"",
  ""summary"": ""Bug: Penalty applied during early operator cancellation"",
  ""description"": ""An operator reported that a rent was stopped shortly after it became active, but the system still applied a penalty fee. Based on earlier lifecycle guidance, there may have been a short tolerance window in which this kind of early cancellation should not have triggered the charge."",
  ""s

[17] source=f5347fc41dbe1de1 type=SrcChunk hops=0 score=0.6451 chunk=f5347fc41dbe1de1 doc=TOOLCHAIN-CONF-RENT-01-v1.2.md rel=VECTOR_SIMILARITY
 Approved status.

## 2.5 Rent Completion and Maintenance
## 2.5.1 (REVISED) Upon reaching the rental end date, the system shall update the status to 'Maintenance'.
## 2.5.2 (REVISED) Maintenance duration is dynamic and depends on the specific Equipment Category as defined in the Maintenance Matrix.
## 2.5.3 After the maintenance period is completed, the status transitions to 'Available'.

## 2.6 Rent Cancellation
## 2.6.1 The system shall allow users to cancel rent records that are in Requested status.
## 2.6.2 (REVISED) The system shall allow authorized users to cancel rent records that are in Approved or Active status.
## 2.6.3 The system shall update the rent status to Cancelled when a rent is cancelled.
## 2.6.4 The system shall prevent cancellation of rent records that are already Completed or Cancelled.

## 2.7 Rent Modification Rules
## 2.7.1 The system shall allow modification of rent records only when the rent status is Requested.
## 2.7.2 The system shall prevent modification of rent records that are in Approved, Active, Completed, Rejected, or Cancelled status, unless explicitly permitted.
## 2.7.3 The system shall validate all changes before saving modifications.

## 2

[18] source=44723706e3ff4356 type=SrcChunk hops=0 score=0.6826 chunk=44723706e3ff4356 doc=JIRA-Lifecycle.md rel=VECTOR_SIMILARITY
tem still applied a penalty fee. Based on earlier lifecycle guidance, there may have been a short tolerance window in which this kind of early cancellation should not have triggered the charge."",
  ""status"": ""New"",
  ""comments"": [
    {
      ""author"": ""Developer Dave"",
      ""timestamp"": ""2026-02-21T09:00:00Z"",
      ""text"": ""I checked the current cancellation rules and they still allow stopping an active rent, but I cannot find the earlier exemption language that would have waived the penalty in the initial operator tolerance window. It may have been removed, or it may simply be missing from the latest write-up.""
    },
    {
      ""author"": ""PM Peter"",
      ""timestamp"": ""2026-02-21T11:00:00Z"",
      ""text"": ""This needs confirmation. If the newer lifecycle material dropped that exception without an explicit decision, we need to determine whether that was intentional or a documentation gap.""
    }
  ]
}
]

[19] source=9437222564f7ac64 type=SrcChunk hops=0 score=0.6885 chunk=9437222564f7ac64 doc=JIRA-Item.md rel=VECTOR_SIMILARITY
tion"": ""Implement the immediate status change for items (Available/Unavailable). Ensure items marked Unavailable cannot be rented."",
    ""status"": ""In Progress"",
    ""comments"": [
      {
        ""author"": ""Developer Dave"",
        ""timestamp"": ""2026-02-22T10:00:00Z"",
        ""text"": ""Logic check: If an item is currently 'Active' in a rent record, can an admin still set it to 'Unavailable'? The specification says status changes take effect immediately.""
      }
    ]
  },
  {
    ""ticket_id"": ""JIRA-ITEM-305"",
    ""summary"": ""Item Deletion Logic (Soft Delete)"",
    ""description"": ""Implement deletion of items using a soft-delete approach instead of physical removal. Prevent deletion when the item is still referenced by active rental activity, and confirm how the business deletion outcome should map to the current technical status model."",
    ""status"": ""To Do"",
    ""comments"": [
      {
        ""author"": ""Backend Engineer Tomas"",
        ""timestamp"": ""2026-02-22T12:00:00Z"",
        ""text"": ""Terminology check: the deletion outcome described in the specification does not map cleanly to the status values currently supported in the database. I need confirmation whether deleted items shou

[20] source=2b468c2425caf512 type=SrcChunk hops=0 score=0.7017 chunk=2b468c2425caf512 doc=CONF-AUTH-01.md rel=VECTOR_SIMILARITY
ystem shall set the account status to Pending upon successful registration and before email verification.
## 1.4.4 The system shall set the account status to Active after successful email verification.
## 1.4.5 The system shall allow the system administrator to change the account status to Suspended.
## 1.4.6 The system shall prevent Suspended accounts from authenticating and accessing the platform.
## 1.4.7 The system shall allow the system administrator to reactivate Suspended accounts by setting the status to Active.
## 1.4.8 The system shall allow the system administrator to set the account status to Deleted.
## 1.4.9 The system shall prevent Deleted accounts from authenticating and accessing the platform.
## 1.4.10 The system shall retain account data for Deleted accounts according to the data retention policy.
## 1.4.11 The system shall ensure that account status changes take effect immediately.

## 1.5. Session Management
## 1.5.1 The system shall create an authenticated session upon successful user authentication.
## 1.5.2 The system shall associate each session with a specific user account.
## 1.5.3 The system shall allow authenticated users to access protected resources o

[21] source=9978dc0dcd43a512 type=SrcChunk hops=0 score=0.6891 chunk=9978dc0dcd43a512 doc=JIRA-Item.md rel=VECTOR_SIMILARITY
"": ""Terminology check: the deletion outcome described in the specification does not map cleanly to the status values currently supported in the database. I need confirmation whether deleted items should reuse a non-rentable status or whether this requires a separate lifecycle value.""
      }
    ]
  }
]

[22] source=a4a287abb143e79a type=SrcChunk hops=0 score=0.6878 chunk=a4a287abb143e79a doc=JIRA-Rewards.md rel=VECTOR_SIMILARITY
nal buffer before charges apply.""
      }
    ]
  },
  {
    ""ticket_id"": ""JIRA-REW-905"",
    ""summary"": ""Penalty Dispute Workflow"",
    ""description"": ""Implement penalty dispute submission and resolution so users can challenge penalty outcomes and authorized staff can record the final decision together with any resulting adjustment."",
    ""status"": ""To Do""
  },
  {
    ""ticket_id"": ""JIRA-REW-906"",
    ""summary"": ""Adjustment Audit Logging"",
    ""description"": ""Log loyalty and penalty adjustments in a way that preserves traceability, supports controlled review, and remains compatible with the platform's broader privacy and auditability expectations."",
    ""status"": ""In Progress"",
    ""comments"": [
      {
        ""author"": ""Developer Dave"",
        ""timestamp"": ""2026-03-17T09:00:00Z"",
        ""text"": ""Auditability note: the requirement expects user-linked traceability for adjustments, but we should confirm whether direct user-identifying values belong in the raw adjustment log or whether authorized reviewers should resolve identities through a controlled lookup path.""
      }
    ]
  }
]

[23] source=69182d61c773aadd type=SrcChunk hops=0 score=0.6833 chunk=69182d61c773aadd doc=CONF-AUTH-01.md rel=VECTOR_SIMILARITY
# 1.3.6. The system shall allow users to initiate a password reset process if they forget their password.
## 1.3.7. The system shall require the user to provide their registered email address to initiate the password reset process.
## 1.3.8. The system shall send a password reset email containing a unique, time-limited reset link to the user's registered email address.
## 1.3.9. The system shall validate the reset link before allowing the user to set a new password.
## 1.3.10. The system shall allow the user to set a new password only if the reset link is valid and has not expired.
## 1.3.11. The system shall invalidate the reset link after successful password reset.
## 1.3.12. The system shall invalidate all active sessions after a successful password change or reset.

## 1.4. Account Status Management
## 1.4.1 The system shall assign a status to each user account.
## 1.4.2 The system shall support the following account statuses: Pending, Active, Suspended, and Deleted.
## 1.4.3 The system shall set the account status to Pending upon successful registration and before email verification.
## 1.4.4 The system shall set the account status to Active after successful email verification

[24] source=e6716dab172b3183 type=SrcChunk hops=0 score=0.6763 chunk=e6716dab172b3183 doc=JIRA-Availability.md rel=VECTOR_SIMILARITY
: ""Maintenance Period Management"",
    ""description"": ""Implement maintenance windows for items, ensure those periods block rental activity, and make the item appear non-rentable while the maintenance window is in effect."",
    ""status"": ""In Progress"",
    ""comments"": [
      {
        ""author"": ""Tomas"",
        ""timestamp"": ""2026-02-24T10:00:00Z"",
        ""text"": ""Current implementation path uses the existing non-rentable status handling for maintenance-related periods as well. We should confirm whether the user interface needs to distinguish maintenance from other forms of temporary unavailability.""
      }
    ]
  },
  {
    ""ticket_id"": ""JIRA-AVAIL-405"",
    ""summary"": ""Real-time Status Sync"",
    ""description"": ""Ensure availability changes are applied immediately when relevant rental lifecycle events or availability controls are updated."",
    ""status"": ""To Do""
  }
]

[25] source=ebea956274025791 type=SrcChunk hops=0 score=0.6744 chunk=ebea956274025791 doc=JIRA-Payment.md rel=VECTOR_SIMILARITY
ctations for the total, but it does not fully spell out how edge-case fractions should be handled at each calculation stage. I started with a simplified approach for partial-unit handling, but this needs confirmation before we freeze the behavior.""
      },
      {
        ""author"": ""QA Marta"",
        ""timestamp"": ""2026-03-01T14:00:00Z"",
        ""text"": ""Please verify the consistency of subtotal, tax, and final amount handling. A display-friendly simplification in one layer can still produce visible mismatches later if the stored and presented totals are derived differently.""
      },
      {
        ""author"": ""Developer Dave"",
        ""timestamp"": ""2026-03-04T15:00:00Z"",
        ""text"": ""UI note: finance asked for cleaner presentation in one of the pilot currency scenarios, so I explored a more compact display format there while keeping more precise values in the underlying records. We need confirmation that the user-facing total must always match the persisted billing amount exactly.""
      }
    ]
  },
  {
    ""ticket_id"": ""JIRA-PAY-603"",
    ""summary"": ""Invoice Generation Engine"",
    ""description"": ""Generate invoices for billable rental outcomes, assign stable invoice identif

[26] source=0013387e34dddff9 type=SrcChunk hops=0 score=0.6728 chunk=0013387e34dddff9 doc=TOOLCHAIN-CONF-RENTABLE-ITEM-01.md rel=VECTOR_SIMILARITY
ity status changes take effect immediately.

## 3.4 Item Deletion
## 3.4.1 The system shall allow authorized users to delete items.
## 3.4.2 The system shall prevent deletion of items that have Active rent records.
## 3.4.3 The system shall mark deleted items as Inactive instead of permanently removing them, unless explicitly configured otherwise.

## 3.5 Item Access Control
## 3.5.1 The system shall allow all authenticated users to view available items.
## 3.5.2 The system shall restrict item creation, modification, and deletion to authorized users.

[27] source=e633209b9a702ede type=SrcChunk hops=0 score=0.6724 chunk=e633209b9a702ede doc=CONF-AUTH-01.md rel=VECTOR_SIMILARITY
ion link.
## 1.1.8. Upon successful activation, the system shall update the account status to Active.
## 1.1.9. The system shall not allow authentication or platform access for accounts that are not in Active status.

## 1.2. User Authentication and Login
## 1.2.1. The system shall allow access to the platform only for authenticated users with an account status of Active.
## 1.2.2. The system shall require the user to provide their registered email address and password in order to authenticate.
## 1.2.3. The system shall validate the provided credentials against the stored account data.
## 1.2.4. If the provided credentials are valid and the account status is Active, the system shall authenticate the user and grant access to the platform.
## 1.2.5. If the provided credentials are invalid, the system shall deny access and display an appropriate error message.
## 1.2.6. The system shall deny authentication if the account status is not Active, including but not limited to Pending, Suspended, or Deleted statuses.
## 1.2.7. Upon successful authentication, the system shall create an authenticated session associated with the user.
## 1.2.8. The system shall maintain the authenticated sess

[28] source=56489466fbfffbaa type=SrcChunk hops=0 score=0.6705 chunk=56489466fbfffbaa doc=JIRA-Auth.md rel=VECTOR_SIMILARITY
The system shall not allow authentication or platform access for accounts that are not in Active status (e.g., Pending, Suspended, Deleted)."",
    ""comments"": []
  },
  {
    ""ticket_id"": ""JIRA-Auth-110"",
    ""summary"": ""Activation token - Enforce single-use"",
    ""description"": ""Activation tokens shall be single-use. After a successful activation, the system shall invalidate the activation token immediately to prevent reuse."",
    ""comments"": []
  },
  {
    ""ticket_id"": ""JIRA-Auth-111"",
    ""summary"": ""Support registration for multiple users sharing the same email address"",
    ""description"": ""In some use cases (e.g. family accounts or shared organizational email addresses), multiple users may attempt to register using the same email address. Instead of enforcing strict email uniqueness, we may allow multiple accountsto share the same email if another identifier (such as phone number) is unique. This would require adjusting the registration validation logic."",
    ""comments"": [
      {
        ""author"": ""QA Engineer Marta"",
        ""timestamp"": ""2026-02-16T10:41:00Z"",
        ""text"": ""This contradicts the SRS requirement that email must be unique. Please confirm expected behavior

[29] source=d1f9814887e95dcd type=SrcChunk hops=0 score=0.6699 chunk=d1f9814887e95dcd doc=JIRA-Auth.md rel=VECTOR_SIMILARITY
n - Send confirmation email with activation link"",
    ""description"": ""After successful registration, the system shall send an account activation email to the provided email address. The email shall contain a unique activation link."",
    ""comments"": [
      {
        ""author"": ""Security Engineer Viktor"",
        ""timestamp"": ""2026-02-15T13:40:00Z"",
        ""text"": ""Activation tokens must be cryptographically secure and time-limited. If stored, store hashed tokens.""
      }
    ]
  },
  {
    ""ticket_id"": ""JIRA-Auth-106"",
    ""summary"": ""Activation - Validate activation link and activate account"",
    ""description"": ""Implement activation flow. The system shall validate the activation link/token. If valid, the system shall update the account status from Pending to Active and allow platform access."",
    ""comments"": []
  },
  {
    ""ticket_id"": ""JIRA-Auth-107"",
    ""summary"": ""Activation - Reject invalid or expired tokens"",
    ""description"": ""The system shall reject activation requests that use invalid or expired activation tokens and show an appropriate error state."",
    ""comments"": []
  },
  {
  ""ticket_id"": ""JIRA-Auth-108"",
  ""summary"": ""Registration - Security hardening: Preven

[30] source=cb19aeaad55d5a74 type=SrcChunk hops=0 score=0.6644 chunk=cb19aeaad55d5a74 doc=JIRA-Rewards.md rel=VECTOR_SIMILARITY
[
  {
    ""ticket_id"": ""JIRA-REW-901"",
    ""summary"": ""Loyalty Points Accrual Logic"",
    ""description"": ""Implement loyalty point accrual for completed and successfully settled rental activity, and ensure awarded points are applied to the user account according to the configurable reward policy."",
    ""status"": ""In Progress"",
    ""comments"": [
      {
        ""author"": ""Developer Dave"",
        ""timestamp"": ""2026-03-15T10:00:00Z"",
        ""text"": ""Implementation note: the specification refers to configurable business rules for point awards, but the exact reward formula is not yet finalized. I need confirmation on whether beta should use a temporary default rule or wait for the configurable policy source.""
      }
    ]
  },
  {
    ""ticket_id"": ""JIRA-REW-902"",
    ""summary"": ""Points Redemption and Discount Handling"",
    ""description"": ""Allow loyalty point redemption during billing, validate that the user has sufficient balance, and ensure redemption is recorded consistently together with the related financial outcome."",
    ""status"": ""To Do""
  },
  {
    ""ticket_id"": ""JIRA-REW-903"",
    ""summary"": ""Loyalty Tier Automation"",
    ""description"": ""Implement configurable loyalty tier a

[31] source=22d80e39745d1186 type=SrcChunk hops=0 score=0.6637 chunk=22d80e39745d1186 doc=JIRA-Reporting.md rel=VECTOR_SIMILARITY
 truth to avoid mismatches between invoices and exported summaries.""
      }
    ]
  },
  {
    ""ticket_id"": ""JIRA-REP-703"",
    ""summary"": ""User Activity and Audit Logging"",
    ""description"": ""Implement user activity reporting and audit logging for critical system events, while preserving traceability and staying aligned with privacy constraints around what user-related data may appear in logs and operational views."",
    ""status"": ""In Progress"",
    ""comments"": [
      {
        ""author"": ""Developer Dave"",
        ""timestamp"": ""2026-03-07T08:30:00Z"",
        ""text"": ""Privacy note: the specification expects user-linked auditability, but the current compliance direction discourages exposing directly identifiable personal details in raw logs. I need confirmation on whether administrators should read these records through a controlled lookup layer rather than from the stored log entries alone.""
      }
    ]
  },
  {
    ""ticket_id"": ""JIRA-REP-704"",
    ""summary"": ""Audit Log Integrity"",
    ""description"": ""Ensure audit entries remain protected against unauthorized change or removal, and that the storage approach supports the integrity guarantees defined in the reporting and audit sp

[32] source=1d3d27d1a24b72f0 type=SrcChunk hops=0 score=0.6614 chunk=1d3d27d1a24b72f0 doc=JIRA-Auth.md rel=VECTOR_SIMILARITY
that use invalid or expired activation tokens and show an appropriate error state."",
    ""comments"": []
  },
  {
  ""ticket_id"": ""JIRA-Auth-108"",
  ""summary"": ""Registration - Security hardening: Prevent email enumeration"",
  ""description"": ""To prevent attackers from discovering registered users, the registration flow must use generic responses. \n\nRequirement:\nIf a user tries to register with an email address that is already in use, the system MUST NOT display an error message stating 'Email already exists'. \nInstead, it should display a generic message: 'If this email is valid, a message has been sent to it.'"",
  ""comments"": [
    {
      ""author"": ""Security Engineer Viktor"",
      ""timestamp"": ""2026-02-16T10:00:00Z"",
      ""text"": ""This is critical for OWA (OWASP) compliance. We cannot leak user existence through the registration form.""
    }
  ]
},
  {
    ""ticket_id"": ""JIRA-Auth-109"",
    ""summary"": ""Authentication gate - Block login for non-Active accounts"",
    ""description"": ""The system shall not allow authentication or platform access for accounts that are not in Active status (e.g., Pending, Suspended, Deleted)."",
    ""comments"": []
  },
  {
    ""ticket_id"": ""JIRA-Auth-1

[33] source=8f047482d7206346 type=SrcChunk hops=0 score=0.6589 chunk=8f047482d7206346 doc=JIRA-Availability.md rel=VECTOR_SIMILARITY
op the endpoint for checking whether an item can be rented within a requested period, ensuring the response reflects the latest rental and item-state information at query time."",
    ""status"": ""In Progress"",
    ""comments"": [
      {
        ""author"": ""QA Marta"",
        ""timestamp"": ""2026-02-23T11:00:00Z"",
        ""text"": ""Found an ambiguity in query results after the recent item-management changes. Records that are no longer operationally valid are being surfaced through the same availability wording used for temporarily blocked items, which may mislead users about whether the item is recoverable or simply not rentable at the moment.""
      }
    ]
  },
  {
    ""ticket_id"": ""JIRA-AVAIL-403"",
    ""summary"": ""Manual Availability Restrictions"",
    ""description"": ""Allow authorized users to define manual non-rentable periods and ensure those restrictions take precedence over otherwise rentable time windows."",
    ""status"": ""To Do""
  },
  {
    ""ticket_id"": ""JIRA-AVAIL-404"",
    ""summary"": ""Maintenance Period Management"",
    ""description"": ""Implement maintenance windows for items, ensure those periods block rental activity, and make the item appear non-rentable while the maintenance 

[34] source=39e8811963c4099a type=SrcChunk hops=0 score=0.6505 chunk=39e8811963c4099a doc=TOOLCHAIN-CONF-RENT-01.md rel=VECTOR_SIMILARITY
Approved status.

## 2.5 Rent Completion
## 2.5.1 The system shall update the rent status to Completed when the rental end date is reached.
## 2.5.2 The system shall allow authorized users to manually complete a rent.
## 2.5.3 The system shall prevent completion of rent records that are not in Active status.

## 2.6 Rent Cancellation
## 2.6.1 The system shall allow users to cancel rent records that are in Requested status.
## 2.6.2 The system shall allow authorized users to cancel rent records that are in Approved or Active status.
## 2.6.3 The system shall update the rent status to Cancelled when a rent is cancelled.
## 2.6.4 The system shall prevent cancellation of rent records that are already Completed or Cancelled.

## 2.7 Rent Modification Rules
## 2.7.1 The system shall allow modification of rent records only when the rent status is Requested.
## 2.7.2 The system shall prevent modification of rent records that are in Approved, Active, Completed, Rejected, or Cancelled status, unless explicitly permitted.
## 2.7.3 The system shall validate all changes before saving modifications.

## 2.8 Rent History and Audit
## 2.8.1 The system shall maintain the full lifecycle history of e

[35] source=c9549ababe52be5f type=SrcChunk hops=0 score=0.6472 chunk=c9549ababe52be5f doc=EMAIL_DATA_Internal_Audit_Discrepancy.txt rel=VECTOR_SIMILARITY
From: internal_audit@toolchain.com
Date: 2026-03-08 14:00
Subject: Review findings on reporting consistency

Hi Dev Team,

During our recent reporting review, we found several consistency issues that need clarification before the reporting package can be considered reliable for audit use.

First, the financial outputs do not appear to align cleanly across all billing contexts. In some cases, the figures shown in reports, exported files, and billing records seem to reflect different presentation or calculation assumptions.

Second, the activity and audit views currently favor a privacy-preserving identifier style that makes operational review harder for non-technical auditors. We need to confirm whether this is the intended audit model, or whether authorized reviewers should have access to a controlled identity-resolution path.

Third, exported reporting artifacts do not always appear to match the same underlying interpretation used elsewhere in the platform, which raises a broader question about which data representation should be treated as authoritative for audit purposes.

Please review and confirm the intended source-of-truth model for report generation, export, and audit visib

[36] source=66d61fc1f995d676 type=SrcChunk hops=0 score=0.7355 chunk=66d61fc1f995d676 doc=JIRA-Auth.md rel=VECTOR_SIMILARITY
 {
        ""author"": ""QA Engineer Marta"",
        ""timestamp"": ""2026-02-16T10:41:00Z"",
        ""text"": ""This contradicts the SRS requirement that email must be unique. Please confirm expected behavior.""
      }
    ]
  },
  {
  ""ticket_id"": ""JIRA-Auth-112"",
  ""summary"": ""Registration - Auto-cleanup for unactivated accounts and Data Retention"",
  ""description"": ""To comply with data minimization principles, the system shall automatically delete any user account that remains in 'Pending' status for more than 30 days. All associated personal data must be removed, except for minimal audit logs required by the retention policy."",
  ""comments"": [
    {
      ""author"": ""PM Peter"",
      ""timestamp"": ""2026-02-16T12:05:00Z"",
      ""text"": ""This is an enhancement beyond the initial SRS but aligns with GDPR data minimization.""
    },
    {
      ""author"": ""QA Engineer Marta"",
      ""timestamp"": ""2026-02-16T13:45:00Z"",
      ""text"": ""Logic Gap: If we delete the account after 30 days, what happens to the activation link sent in CONF-AUTH-01 1.5? The link has no expiry in the docs. We need to ensure the link doesn't trigger a 500 error on a non-existent account.""
    },
    {
      ""author"": ""Sec

[37] source=2fb79f7446b24909 type=SrcChunk hops=0 score=0.7124 chunk=2fb79f7446b24909 doc=JIRA-Auth.md rel=VECTOR_SIMILARITY
o the activation link sent in CONF-AUTH-01 1.5? The link has no expiry in the docs. We need to ensure the link doesn't trigger a 500 error on a non-existent account.""
    },
    {
      ""author"": ""Security Engineer Viktor"",
      ""timestamp"": ""2026-02-17T10:10:00Z"",
      ""text"": ""Clarification Needed: When a user manually requests account deletion, should it be immediate, or do we provide a 14-day 'grace period' for recovery before the permanent wipe?""
    }
  ]
},
  {
    ""ticket_id"": ""JIRA-Auth-113"",
    ""summary"": ""Registration - Password policy enforcement"",
    ""description"": ""Enforce password policy rules during registration and prevent weak passwords."",
    ""comments"": [
      {
        ""author"": ""Security Engineer Viktor"",
        ""timestamp"": ""2026-02-16T13:12:00Z"",
        ""text"": ""Missing details: minimum length, complexity requirements, common password blacklist, and whether passphrases are allowed.""
      }
    ],
    ""attachments"": [""EMAIL_CTO_Security_Update.txt""]
  },
{
  ""ticket_id"": ""JIRA-Auth-114"",
  ""summary"": ""Allow registration without phone number"",
  ""description"": ""Some users are reluctant to provide their phone number during registration. Consider making 

[38] source=854f7de27dc6118d type=SrcChunk hops=0 score=0.6732 chunk=854f7de27dc6118d doc=JIRA-Payment.md rel=VECTOR_SIMILARITY
.""
      }
    ]
  },
  {
    ""ticket_id"": ""JIRA-PAY-603"",
    ""summary"": ""Invoice Generation Engine"",
    ""description"": ""Generate invoices for billable rental outcomes, assign stable invoice identifiers, and store the invoice content together with the relevant rental and pricing details."",
    ""status"": ""To Do""
  },
  {
    ""ticket_id"": ""JIRA-PAY-604"",
    ""summary"": ""Payment Processing Integration"",
    ""description"": ""Implement payment handling, including payment-state tracking and linkage between payment, invoice, and rental records. Clarify how unsuccessful payment outcomes should affect downstream rental and availability behavior."",
    ""status"": ""In Progress"",
    ""comments"": [
      {
        ""author"": ""Tomas"",
        ""timestamp"": ""2026-03-02T09:00:00Z"",
        ""text"": ""There is a cross-module ambiguity here: when a payment attempt does not complete successfully, I do not yet know whether the related rental should remain operationally blocked, return to normal availability, or wait for a separate business decision.""
      }
    ]
  },
  {
    ""ticket_id"": ""JIRA-PAY-605"",
    ""summary"": ""Duplicate Payment Prevention"",
    ""description"": ""Implement idempotent payment prote

[39] source=dbdfe9579474ba43 type=SrcChunk hops=0 score=0.6702 chunk=dbdfe9579474ba43 doc=JIRA-Auth.md rel=VECTOR_SIMILARITY
be validated during registration?""
    },
    {
      ""author"": ""Developer Dave"",
      ""timestamp"": ""2026-02-15T11:05:00Z"",
      ""text"": ""Yes, we will accept common separators and normalize phone numbers to E.164 format.""
    },
    {
      ""author"": ""Backend Engineer Tomas"",
      ""timestamp"": ""2026-02-15T11:42:00Z"",
      ""text"": ""Yes, email format must be validated. The email must follow standard format: local-part@domain. The local part may contain letters, numbers, dots, hyphens, and underscores. The domain must contain at least one dot and valid domain name characters. Example of valid format: user.name@example.com""
    }
  ]
},
  {
    ""ticket_id"": ""JIRA-Auth-104"",
    ""summary"": ""Registration - Create Pending account after successful submission"",
    ""description"": ""Upon successful submission of the registration form, the system shall create a new user account with status set to Pending."",
    ""comments"": []
  },
  {
    ""ticket_id"": ""JIRA-Auth-105"",
    ""summary"": ""Activation - Send confirmation email with activation link"",
    ""description"": ""After successful registration, the system shall send an account activation email to the provided email address. The email shall c

[40] source=0374b1fefbab130e type=SrcChunk hops=0 score=0.6610 chunk=0374b1fefbab130e doc=JIRA-Payment.md rel=VECTOR_SIMILARITY
PAY-608"",
    ""summary"": ""Billing Access Control"",
    ""description"": ""Implement access control rules for billing records so users can view only their own financial history while authorized roles can review broader payment and invoice data."",
    ""status"": ""Closed""
  }
]

[41] source=7306d641eb9b0bb2 type=SrcChunk hops=0 score=0.6546 chunk=7306d641eb9b0bb2 doc=EMAIL_FINANCE_MultiCurrency_HACK.txt rel=VECTOR_SIMILARITY
cial records.

Best,
Finance Dept.

[42] source=2f105702c1c1c3f3 type=SrcChunk hops=0 score=0.6532 chunk=2f105702c1c1c3f3 doc=JIRA-Auth.md rel=VECTOR_SIMILARITY
t: Clear error messages"",
  ""description"": ""Our support team reports that users are confused by generic messages. We need to provide clear, actionable feedback during registration.\n\nRequirement:\nIf an email address is already registered, the system should clearly state: 'This email address is already registered. Please log in or reset your password.'"",
  ""comments"": [
    {
      ""author"": ""UX Writer Nora"",
      ""timestamp"": ""2026-02-17T09:30:00Z"",
      ""text"": ""Generic messages lead to high drop-off rates. Users think the system is broken if they don't get a specific reason for failure.""
    }
  ]
},
{
  ""ticket_id"": ""JIRA-Auth-116"",
  ""summary"": ""Initial login implementation without MFA"",
  ""description"": ""The first implementation of the login endpoint will support email and password authentication only. Multi-factor authentication (MFA) is part of the security roadmap, but will not be implemented in this sprint. Future iterations should extend the authentication flow to support a second factor when enabled."",
  ""comments"": [
    {
      ""author"": ""Developer Dave"",
      ""timestamp"": ""2026-02-18T10:00:00Z"",
      ""text"": ""Login logic is ready. MFA is not part of this sprint,

[43] source=e6fe5b64787f87a6 type=SrcChunk hops=0 score=0.6528 chunk=e6fe5b64787f87a6 doc=TOOLCHAIN-CONF-REWARDS&PANELTIES-01.md rel=VECTOR_SIMILARITY
ll allow users to submit disputes for penalties.
## 9.6.2 The system shall store dispute status including Open, Under Review, Approved, and Rejected.
## 9.6.3 The system shall allow authorized users to resolve disputes.
## 9.6.4 The system shall update penalty records based on dispute outcome.

## 9.7 Adjustment Integrity and Audit
## 9.7.1 The system shall log loyalty and penalty transactions.
## 9.7.2 The system shall store timestamp, user identifier, and adjustment details.
## 9.7.3 The system shall prevent unauthorized modification of loyalty or penalty records.
## 9.7.4 The system shall maintain complete adjustment history.

[44] source=1da852dd7949b438 type=SrcChunk hops=0 score=0.6505 chunk=1da852dd7949b438 doc=TOOLCHAIN-CONF-REPORTING-01.md rel=VECTOR_SIMILARITY
 users to generate reports of user activity.
## 7.3.2 The system shall include rent creation, modification, cancellation, and payment activity in user reports.
## 7.3.3 The system shall allow filtering user activity reports by user identifier.

## 7.4 Audit Logging
## 7.4.1 The system shall record audit logs for critical system events.
## 7.4.2 The system shall log rent lifecycle events.
## 7.4.3 The system shall log item management events.
## 7.4.4 The system shall log payment and billing events.
## 7.4.5 The system shall log authentication and authorization events.

## 7.5 Audit Log Content
## 7.5.1 The system shall include timestamp in audit log entries.
## 7.5.2 The system shall include user identifier in audit log entries.
## 7.5.3 The system shall include event type in audit log entries.
## 7.5.4 The system shall include event outcome in audit log entries.

## 7.6 Audit Log Integrity
## 7.6.1 The system shall ensure audit logs cannot be modified.
## 7.6.2 The system shall ensure audit logs cannot be deleted by unauthorized users.
## 7.6.3 The system shall ensure audit logs are securely stored.

## 7.7 Report Export
## 7.7.1 The system shall allow authorized users to export re

[45] source=beb42617cfc95144 type=SrcChunk hops=0 score=0.6476 chunk=beb42617cfc95144 doc=JIRA-Delivery-Control.md rel=VECTOR_SIMILARITY
arta"",
        ""timestamp"": ""2026-03-10T11:30:00Z"",
        ""text"": ""Please confirm how unsupported edge windows should appear in the user flow. There is a difference between a slot that is structurally outside delivery hours and one that is technically valid but already unavailable.""
      }
    ]
  },
  {
    ""ticket_id"": ""JIRA-DEL-803"",
    ""summary"": ""Delivery Status Lifecycle"",
    ""description"": ""Implement the delivery lifecycle flow and ensure the system can track operational delivery progress while keeping users informed when delivery state changes occur."",
    ""status"": ""Closed"",
    ""comments"": [
      {
        ""author"": ""Backend Engineer Tomas"",
        ""timestamp"": ""2026-03-11T09:20:00Z"",
        ""text"": ""The operational status progression is implemented, but we should confirm whether all internal delivery transitions are meant to be exposed directly to users or whether some should remain back-office only.""
      }
    ]
  },
  {
    ""ticket_id"": ""JIRA-DEL-804"",
    ""summary"": ""Delivery Fee Calculation"",
    ""description"": ""Implement delivery fee calculation according to the configured logistics rules and ensure applicable delivery charges flow into billing in a consis

[46] source=1531165a3c8df366 type=SrcChunk hops=0 score=0.6458 chunk=1531165a3c8df366 doc=JIRA-Notifications.md rel=VECTOR_SIMILARITY
imestamp"": ""2026-02-25T14:00:00Z"",
        ""text"": ""Please confirm which identifier wording should appear in outbound messages. The specification and the warehouse-facing screens do not use exactly the same term, and I want to avoid sending emails that confuse end users.""
      }
    ]
  },
  {
    ""ticket_id"": ""JIRA-NOTIF-506"",
    ""summary"": ""User Notification Preferences"",
    ""description"": ""Allow users to manage notification preferences by category, while clarifying whether any event classes are considered business-critical and therefore not fully optional."",
    ""status"": ""In Progress"",
    ""comments"": [
      {
        ""author"": ""Developer Dave"",
        ""timestamp"": ""2026-02-26T10:00:00Z"",
        ""text"": ""There is a policy ambiguity here: product preference settings suggest broad user control, but management feedback indicates that some approval-related messages may need to remain non-optional. I need confirmation before deciding whether these events should bypass normal preference filtering.""
      }
    ]
  },
  {
    ""ticket_id"": ""JIRA-NOTIF-507"",
    ""summary"": ""Notification Event Logging"",
    ""description"": ""Log notification generation and delivery outcomes so author

[47] source=9694bf5bcf380db0 type=SrcChunk hops=0 score=0.6869 chunk=9694bf5bcf380db0 doc=JIRA-Payment.md rel=VECTOR_SIMILARITY
or wait for a separate business decision.""
      }
    ]
  },
  {
    ""ticket_id"": ""JIRA-PAY-605"",
    ""summary"": ""Duplicate Payment Prevention"",
    ""description"": ""Implement idempotent payment protection so the same invoice cannot be settled multiple times through repeated requests or retries."",
    ""status"": ""To Do""
  },
  {
    ""ticket_id"": ""JIRA-PAY-606"",
    ""summary"": ""Refund Management Logic"",
    ""description"": ""Support authorized refund handling while preserving traceability to the original payment and ensuring the refunded amount remains within the permitted financial boundary."",
    ""status"": ""To Do""
  },
  {
    ""ticket_id"": ""JIRA-PAY-607"",
    ""summary"": ""Billing History and Immutability"",
    ""description"": ""Implement billing history access and preserve the immutability expectations of completed financial records so users and administrators can review prior invoices and payments without altering finalized outcomes."",
    ""status"": ""To Do""
  },
  {
    ""ticket_id"": ""JIRA-PAY-608"",
    ""summary"": ""Billing Access Control"",
    ""description"": ""Implement access control rules for billing records so users can view only their own financial history while authorized roles can ","Generated 10 executable Gherkin tests for R6 (Pending-account cleanup). Tests cover the core requirement of automatic deletion of Pending accounts after 30 days, account lifecycle transitions, data removal compliance, and exception scenarios around manual deletion grace periods and activation link behavior post-cleanup. Tests are grounded in operative context from PRIMARY evidence E1 and E4, with supporting lifecycle context from E2, E5, E15, E20, and known issue references E13, E14.",System shall automatically delete any user account that remains in Pending status for more than 30 days || ystem shall set the account status to Pending upon successful registration and before email verification. || Account status changes take effect immediately,Manual account deletion may require a 14-day grace period for recovery before permanent wipe (unconfirmed) || Activation links have no documented expiry and may trigger errors on non-existent accounts after cleanup,,,E1|E2|E4|E5|E13|E14|E15|E20,"R6 targets pending-account cleanup. PRIMARY evidence E1 and E4 establish the core requirement: automatic deletion of Pending accounts after 30 days with removal of associated personal data except audit logs (GDPR data minimization). E2, E5, E15, E20 provide account lifecycle context showing Pending status is set upon registration and blocks authentication. E13 and E14 identify the activation expiry/pending cleanup gap as a known issue. E4 raises unresolved questions about manual deletion grace periods and activation link behavior post-cleanup. The 30-day automatic cleanup rule is clearly stated in PRIMARY evidence and should be operative. However, the interaction with activation links (no expiry documented) and manual deletion procedures (grace period unconfirmed) remain gaps that affect test design. Filtered abstract or low-relevance operative statements: All associated personal data must be removed upon automatic deletion, except for minimal audit logs required by retention policy | Pending accounts are created upon successful registration before email verification | Pending accounts cannot authenticate or access the platform",1,0,0,0
1cb52207,R6,hybrid,full,anthropic,claude-haiku-4-5-20251001,2,2026-07-03.v3,R6_7,Manual deletion may require 14-day grace period (exception scenario),"Feature: Manual Account Deletion Exception
  Scenario: Manual account deletion triggers 14-day recovery grace period
    Given an administrator initiates manual deletion of a Pending account
    When the deletion is processed
    Then the account should enter a grace period state
    And the account should be recoverable for 14 days
    And after 14 days the account should be permanently wiped",Exception from operative context: Manual account deletion may require a 14-day grace period for recovery before permanent wipe (unconfirmed). This is an exception scenario that differs from automatic cleanup and should be tested separately.,E4,Manual account deletion may require a 14-day grace period for recovery before permanent wipe (unconfirmed),0013387e34dddff9|0374b1fefbab130e|1531165a3c8df366|1d3d27d1a24b72f0|1da852dd7949b438|22d80e39745d1186|2b468c2425caf512|2f105702c1c1c3f3|2fb79f7446b24909|39e8811963c4099a|44723706e3ff4356|56489466fbfffbaa|66d61fc1f995d676|69182d61c773aadd|6c5380267c218234|7306d641eb9b0bb2|854f7de27dc6118d|8f047482d7206346|8f9c14a11698d93e|9437222564f7ac64|9694bf5bcf380db0|9978dc0dcd43a512|A44|A5|A8|C1|G1|G63|G93c|I3|I4|R6|a4a287abb143e79a|beb42617cfc95144|c9549ababe52be5f|cb19aeaad55d5a74|d1f9814887e95dcd|dbdfe9579474ba43|e633209b9a702ede|e6716dab172b3183|e6fe5b64787f87a6|ebea956274025791|f5347fc41dbe1de1,Pending-account cleanup,Pending-account cleanup,"[1] source=R6 type=Requirement/SrcChunk hops=0 chunk=66d61fc1f995d676 doc=JIRA-Auth.md rel=TARGET
 {
        ""author"": ""QA Engineer Marta"",
        ""timestamp"": ""2026-02-16T10:41:00Z"",
        ""text"": ""This contradicts the SRS requirement that email must be unique. Please confirm expected behavior.""
      }
    ]
  },
  {
  ""ticket_id"": ""JIRA-Auth-112"",
  ""summary"": ""Registration - Auto-cleanup for unactivated accounts and Data Retention"",
  ""description"": ""To comply with data minimization principles, the system shall automatically delete any user account that remains in 'Pending' status for more than 30 days. All associated personal data must be removed, except for minimal audit logs required by the retention policy."",
  ""comments"": [
    {
      ""author"": ""PM Peter"",
      ""timestamp"": ""2026-02-16T12:05:00Z"",
      ""text"": ""This is an enhancement beyond the initial SRS but aligns with GDPR data minimization.""
    },
    {
      ""author"": ""QA Engineer Marta"",
      ""timestamp"": ""2026-02-16T13:45:00Z"",
      ""text"": ""Logic Gap: If we delete the account after 30 days, what happens to the activation link sent in CONF-AUTH-01 1.5? The link has no expiry in the docs. We need to ensure the link doesn't trigger a 500 error on a non-existent account.""
    },
    {
      ""author"": ""Sec

[2] source=R6 type=Requirement/SrcChunk hops=0 chunk=2b468c2425caf512 doc=CONF-AUTH-01.md rel=TARGET
ystem shall set the account status to Pending upon successful registration and before email verification.
## 1.4.4 The system shall set the account status to Active after successful email verification.
## 1.4.5 The system shall allow the system administrator to change the account status to Suspended.
## 1.4.6 The system shall prevent Suspended accounts from authenticating and accessing the platform.
## 1.4.7 The system shall allow the system administrator to reactivate Suspended accounts by setting the status to Active.
## 1.4.8 The system shall allow the system administrator to set the account status to Deleted.
## 1.4.9 The system shall prevent Deleted accounts from authenticating and accessing the platform.
## 1.4.10 The system shall retain account data for Deleted accounts according to the data retention policy.
## 1.4.11 The system shall ensure that account status changes take effect immediately.

## 1.5. Session Management
## 1.5.1 The system shall create an authenticated session upon successful user authentication.
## 1.5.2 The system shall associate each session with a specific user account.
## 1.5.3 The system shall allow authenticated users to access protected resources o

[3] source=R6 type=Requirement hops=0 rel=TARGET
Pending-account cleanup

[4] source=R6 type=Requirement/SrcChunk hops=0 chunk=2fb79f7446b24909 doc=JIRA-Auth.md rel=TARGET
o the activation link sent in CONF-AUTH-01 1.5? The link has no expiry in the docs. We need to ensure the link doesn't trigger a 500 error on a non-existent account.""
    },
    {
      ""author"": ""Security Engineer Viktor"",
      ""timestamp"": ""2026-02-17T10:10:00Z"",
      ""text"": ""Clarification Needed: When a user manually requests account deletion, should it be immediate, or do we provide a 14-day 'grace period' for recovery before the permanent wipe?""
    }
  ]
},
  {
    ""ticket_id"": ""JIRA-Auth-113"",
    ""summary"": ""Registration - Password policy enforcement"",
    ""description"": ""Enforce password policy rules during registration and prevent weak passwords."",
    ""comments"": [
      {
        ""author"": ""Security Engineer Viktor"",
        ""timestamp"": ""2026-02-16T13:12:00Z"",
        ""text"": ""Missing details: minimum length, complexity requirements, common password blacklist, and whether passphrases are allowed.""
      }
    ],
    ""attachments"": [""EMAIL_CTO_Security_Update.txt""]
  },
{
  ""ticket_id"": ""JIRA-Auth-114"",
  ""summary"": ""Allow registration without phone number"",
  ""description"": ""Some users are reluctant to provide their phone number during registration. Consider making 

[5] source=I4 type=Implementation/SrcChunk hops=1 chunk=8f9c14a11698d93e doc=CONF-AUTH-01.md rel=REFINES
# Documentum ID: TOOLCHAIN-CONF-AUTH-01
# Description: User account registration and lifecycle management
# Status: Effective (v1.0)

## 1 User account registration and lifecycle management

## 1.1 User registration and account activation
## 1.1.1 The user must register in order to access the platform.
## 1.1.2. During registration, the system shall require the user to provide the following mandatory information: first name, last name, phone number, email address
## 1.1.3. The system shall validate that the provided email address is unique and not already associated with an existing account.
## 1.1.4. Upon successful submission of the registration form, the system shall create a new user account with a status of Pending.
## 1.1.5. The system shall send an account activation email to the provided email address containing a unique activation link.
## 1.1.6. The user must activate their account by accessing the activation link.
## 1.1.7. The system shall verify the validity of the activation link.
## 1.1.8. Upon successful activation, the system shall update the account status to Active.
## 1.1.9. The system shall not allow authentication or platform access for accounts that are not i

[6] source=G63 type=Gap/SrcChunk hops=2 chunk=cc00a9173697dc7d doc=JIRA-Payment.md rel=IN_DOC > IN_DOC
[
  {
    ""ticket_id"": ""JIRA-PAY-601"",
    ""summary"": ""Pricing Configuration Service"",
    ""description"": ""Implement the pricing configuration layer so authorized users can define rental pricing structures and apply them consistently to rentable items without retroactively changing already established rental records."",
    ""status"": ""Closed""
  },
  {
    ""ticket_id"": ""JIRA-PAY-602"",
    ""summary"": ""Price Calculation and Precision"",
    ""description"": ""Implement rental cost calculation based on duration and pricing rules, and make sure the resulting amount is derived consistently across calculation, storage, and user-facing display. International billing and currency presentation should be treated as a related operational concern, but must not silently override the core pricing logic."",
    ""status"": ""In Progress"",
    ""comments"": [
      {
        ""author"": ""Developer Dave"",
        ""timestamp"": ""2026-03-01T10:00:00Z"",
        ""text"": ""The current specification defines correctness expectations for the total, but it does not fully spell out how edge-case fractions should be handled at each calculation stage. I started with a simplified approach for partial-unit handling, but this ne

[7] source=G1 type=Gap/SrcChunk hops=1 chunk=1d3d27d1a24b72f0 doc=JIRA-Auth.md rel=AFFECTS
that use invalid or expired activation tokens and show an appropriate error state."",
    ""comments"": []
  },
  {
  ""ticket_id"": ""JIRA-Auth-108"",
  ""summary"": ""Registration - Security hardening: Prevent email enumeration"",
  ""description"": ""To prevent attackers from discovering registered users, the registration flow must use generic responses. \n\nRequirement:\nIf a user tries to register with an email address that is already in use, the system MUST NOT display an error message stating 'Email already exists'. \nInstead, it should display a generic message: 'If this email is valid, a message has been sent to it.'"",
  ""comments"": [
    {
      ""author"": ""Security Engineer Viktor"",
      ""timestamp"": ""2026-02-16T10:00:00Z"",
      ""text"": ""This is critical for OWA (OWASP) compliance. We cannot leak user existence through the registration form.""
    }
  ]
},
  {
    ""ticket_id"": ""JIRA-Auth-109"",
    ""summary"": ""Authentication gate - Block login for non-Active accounts"",
    ""description"": ""The system shall not allow authentication or platform access for accounts that are not in Active status (e.g., Pending, Suspended, Deleted)."",
    ""comments"": []
  },
  {
    ""ticket_id"": ""JIRA-Auth-1

[8] source=G1 type=Gap hops=1 rel=AFFECTS
Activation expiry / pending cleanup gap

[9] source=I3 type=Implementation/SrcChunk hops=2 chunk=56489466fbfffbaa doc=JIRA-Auth.md rel=IN_DOC > IN_DOC
The system shall not allow authentication or platform access for accounts that are not in Active status (e.g., Pending, Suspended, Deleted)."",
    ""comments"": []
  },
  {
    ""ticket_id"": ""JIRA-Auth-110"",
    ""summary"": ""Activation token - Enforce single-use"",
    ""description"": ""Activation tokens shall be single-use. After a successful activation, the system shall invalidate the activation token immediately to prevent reuse."",
    ""comments"": []
  },
  {
    ""ticket_id"": ""JIRA-Auth-111"",
    ""summary"": ""Support registration for multiple users sharing the same email address"",
    ""description"": ""In some use cases (e.g. family accounts or shared organizational email addresses), multiple users may attempt to register using the same email address. Instead of enforcing strict email uniqueness, we may allow multiple accountsto share the same email if another identifier (such as phone number) is unique. This would require adjusting the registration validation logic."",
    ""comments"": [
      {
        ""author"": ""QA Engineer Marta"",
        ""timestamp"": ""2026-02-16T10:41:00Z"",
        ""text"": ""This contradicts the SRS requirement that email must be unique. Please confirm expected behavior

[10] source=G93c type=Gap/SrcChunk hops=2 chunk=ebea956274025791 doc=JIRA-Payment.md rel=IN_DOC > IN_DOC
ctations for the total, but it does not fully spell out how edge-case fractions should be handled at each calculation stage. I started with a simplified approach for partial-unit handling, but this needs confirmation before we freeze the behavior.""
      },
      {
        ""author"": ""QA Marta"",
        ""timestamp"": ""2026-03-01T14:00:00Z"",
        ""text"": ""Please verify the consistency of subtotal, tax, and final amount handling. A display-friendly simplification in one layer can still produce visible mismatches later if the stored and presented totals are derived differently.""
      },
      {
        ""author"": ""Developer Dave"",
        ""timestamp"": ""2026-03-04T15:00:00Z"",
        ""text"": ""UI note: finance asked for cleaner presentation in one of the pilot currency scenarios, so I explored a more compact display format there while keeping more precise values in the underlying records. We need confirmation that the user-facing total must always match the persisted billing amount exactly.""
      }
    ]
  },
  {
    ""ticket_id"": ""JIRA-PAY-603"",
    ""summary"": ""Invoice Generation Engine"",
    ""description"": ""Generate invoices for billable rental outcomes, assign stable invoice identif

[11] source=C1 type=Communication/SrcChunk hops=2 chunk=6bb3b84e337f31dc doc=JIRA-Auth.md rel=IN_DOC > IN_DOC
nd whether hyphens/accents are allowed in names.""
      },
      {
        ""author"": ""Developer Dave"",
        ""timestamp"": ""2026-02-15T14:38:00Z"",
        ""text"": ""Leading/trailing spaces will be trimmed. Hyphens and accents are allowed.""
      },
      {
        ""author"": ""QA Engineer Marta"",
        ""timestamp"": ""2026-02-16T07:16:00Z"",
        ""text"": ""Will first and last names be entered in separate fields? Will we support a middle name?""
      },
      {
        ""author"": ""PM Peter"",
        ""timestamp"": ""2026-02-16T12:58:00Z"",
        ""text"": ""First and last name are separate fields. Middle name is optional.""
      },
      {
        ""author"": ""QA Engineer Marta"",
        ""timestamp"": ""2026-02-16T16:43:00Z"",
        ""text"": ""Do we support double surnames or special characters (e.g. apostrophe in O'Connor)?""
      }
    ],
	""attachments"": [""EMAIL_LEGAL_GDPR_Compliance.txt""]
  },
  {
    ""ticket_id"": ""JIRA-Auth-102"",
    ""summary"": ""Registration - Email uniqueness validation"",
    ""description"": ""Validate that the email address provided during registration is unique and not already associated with an existing account. Uniqueness validation shall be case-insensitive."",
    ""comm

[12] source=A5 type=Actor/SrcChunk hops=2 chunk=b046296a3e9c6aab doc=JIRA-Auth.md rel=IN_DOC > IN_DOC
""description"": ""Validate that the email address provided during registration is unique and not already associated with an existing account. Uniqueness validation shall be case-insensitive."",
    ""comments"": [
      {
        ""author"": ""QA Engineer Marta"",
        ""timestamp"": ""2026-02-15T08:22:00Z"",
        ""text"": ""Should email addresses be case-sensitive when checking for uniqueness? (e.g. Test@t.com = test@t.com?)""
      }
    ]
  },
{
  ""ticket_id"": ""JIRA-Auth-103"",
  ""summary"": ""Registration - Phone number validation and normalization"",
  ""description"": ""Validate phone number format during registration and store it in normalized E.164 format. Reject invalid formats and normalize acceptable inputs."",
  ""comments"": [
    {
      ""author"": ""QA Engineer Marta"",
      ""timestamp"": ""2026-02-15T10:22:00Z"",
      ""text"": ""Please confirm whether we accept spaces, parentheses, and dashes in phone number input (e.g., +36 (30) 123-4567) and normalize it. Also, should the email address format be validated during registration?""
    },
    {
      ""author"": ""Developer Dave"",
      ""timestamp"": ""2026-02-15T11:05:00Z"",
      ""text"": ""Yes, we will accept common separators and normalize phone nu

[13] source=A8 type=Actor/SrcChunk hops=2 chunk=ce4209d8f88ab7e7 doc=JIRA-Auth.md rel=IN_DOC > IN_DOC
[
  {
    ""ticket_id"": ""JIRA-Auth-101"",
    ""summary"": ""Registration - Create account with mandatory fields"",
    ""description"": ""Implement user registration functionality. The system shall require first name, last name, phone number, email address, and password. All fields are mandatory and must be validated before submission. \n\nAdditionally, the form must include:\n1. A single 'Terms and Conditions' checkbox that represents acceptance of both the Terms of Service and Privacy Policy.\n2. A 'Submit' button that remains disabled until all mandatory fields are filled and the legal consent checkbox is checked."",
    ""comments"": [
      {
        ""author"": ""Tool Master Lesly"",
        ""timestamp"": ""2026-02-15T09:00:00Z"",
        ""text"": ""Name fields must be limited to 50 characters due to database constraints.""
      },
      {
        ""author"": ""QA Engineer Marta"",
        ""timestamp"": ""2026-02-15T09:09:00Z"",
        ""text"": ""Please clarify if leading/trailing spaces should be trimmed and whether hyphens/accents are allowed in names.""
      },
      {
        ""author"": ""Developer Dave"",
        ""timestamp"": ""2026-02-15T14:38:00Z"",
        ""text"": ""Leading/trailing spaces will be tri

[14] source=A44 type=Actor/SrcChunk hops=2 chunk=c48c34de8cf76bce doc=EMAIL_SUPPORT_Emergency_Override.txt rel=IN_DOC > IN_DOC
From: support_lead@toolchain.com
Date: 2026-02-24 15:30
Subject: Escalation: exception handling for priority customers

Hi Dev Team,

Support keeps running into cases where a high-priority customer wants to secure an item even though the system currently treats the time window as blocked because of another pending request.

Operationally, the team is asking whether specially authorized staff should be able to intervene in those cases and resolve the conflict manually, rather than forcing the customer to wait for the ordinary availability flow to clear on its own. In practice this would mean allowing a priority booking path to take precedence over weaker, not-yet-confirmed demand.

Please do not treat this as confirmed product policy yet. We need guidance on whether this should remain a support-side exception process, or whether the booking logic itself is expected to support it.

Regards,
Sarah (Support Lead)

[15] source=8f9c14a11698d93e type=SrcChunk hops=0 score=0.6735 chunk=8f9c14a11698d93e doc=CONF-AUTH-01.md rel=VECTOR_SIMILARITY
# Documentum ID: TOOLCHAIN-CONF-AUTH-01
# Description: User account registration and lifecycle management
# Status: Effective (v1.0)

## 1 User account registration and lifecycle management

## 1.1 User registration and account activation
## 1.1.1 The user must register in order to access the platform.
## 1.1.2. During registration, the system shall require the user to provide the following mandatory information: first name, last name, phone number, email address
## 1.1.3. The system shall validate that the provided email address is unique and not already associated with an existing account.
## 1.1.4. Upon successful submission of the registration form, the system shall create a new user account with a status of Pending.
## 1.1.5. The system shall send an account activation email to the provided email address containing a unique activation link.
## 1.1.6. The user must activate their account by accessing the activation link.
## 1.1.7. The system shall verify the validity of the activation link.
## 1.1.8. Upon successful activation, the system shall update the account status to Active.
## 1.1.9. The system shall not allow authentication or platform access for accounts that are not i

[16] source=6c5380267c218234 type=SrcChunk hops=0 score=0.6736 chunk=6c5380267c218234 doc=JIRA-Lifecycle.md rel=VECTOR_SIMILARITY
 [
      {
        ""author"": ""Backend Engineer Tomas"",
        ""timestamp"": ""2026-02-12T14:20:00Z"",
        ""text"": ""RBAC (Role-Based Access Control) integrated. Only users with 'OPERATOR' or 'ADMIN' roles can trigger approval.""
      }
    ]
  },
  {
    ""ticket_id"": ""JIRA-LIFE-204"",
    ""summary"": ""Manual Rent Completion for Operators"",
    ""description"": ""Allow authorized users to manually trigger rent completion. This is required for early returns."",
    ""status"": ""In Progress"",
    ""comments"": [
      {
        ""author"": ""QA Engineer Marta"",
        ""timestamp"": ""2026-02-21T10:15:00Z"",
        ""text"": ""Clarification needed: If an operator completes a rent early, does the 'Maintenance' (v1.2) period start immediately, or only at the original end date?""
      }
    ]
  },
  {
  ""ticket_id"": ""JIRA-LIFE-205"",
  ""summary"": ""Bug: Penalty applied during early operator cancellation"",
  ""description"": ""An operator reported that a rent was stopped shortly after it became active, but the system still applied a penalty fee. Based on earlier lifecycle guidance, there may have been a short tolerance window in which this kind of early cancellation should not have triggered the charge."",
  ""s

[17] source=f5347fc41dbe1de1 type=SrcChunk hops=0 score=0.6451 chunk=f5347fc41dbe1de1 doc=TOOLCHAIN-CONF-RENT-01-v1.2.md rel=VECTOR_SIMILARITY
 Approved status.

## 2.5 Rent Completion and Maintenance
## 2.5.1 (REVISED) Upon reaching the rental end date, the system shall update the status to 'Maintenance'.
## 2.5.2 (REVISED) Maintenance duration is dynamic and depends on the specific Equipment Category as defined in the Maintenance Matrix.
## 2.5.3 After the maintenance period is completed, the status transitions to 'Available'.

## 2.6 Rent Cancellation
## 2.6.1 The system shall allow users to cancel rent records that are in Requested status.
## 2.6.2 (REVISED) The system shall allow authorized users to cancel rent records that are in Approved or Active status.
## 2.6.3 The system shall update the rent status to Cancelled when a rent is cancelled.
## 2.6.4 The system shall prevent cancellation of rent records that are already Completed or Cancelled.

## 2.7 Rent Modification Rules
## 2.7.1 The system shall allow modification of rent records only when the rent status is Requested.
## 2.7.2 The system shall prevent modification of rent records that are in Approved, Active, Completed, Rejected, or Cancelled status, unless explicitly permitted.
## 2.7.3 The system shall validate all changes before saving modifications.

## 2

[18] source=44723706e3ff4356 type=SrcChunk hops=0 score=0.6826 chunk=44723706e3ff4356 doc=JIRA-Lifecycle.md rel=VECTOR_SIMILARITY
tem still applied a penalty fee. Based on earlier lifecycle guidance, there may have been a short tolerance window in which this kind of early cancellation should not have triggered the charge."",
  ""status"": ""New"",
  ""comments"": [
    {
      ""author"": ""Developer Dave"",
      ""timestamp"": ""2026-02-21T09:00:00Z"",
      ""text"": ""I checked the current cancellation rules and they still allow stopping an active rent, but I cannot find the earlier exemption language that would have waived the penalty in the initial operator tolerance window. It may have been removed, or it may simply be missing from the latest write-up.""
    },
    {
      ""author"": ""PM Peter"",
      ""timestamp"": ""2026-02-21T11:00:00Z"",
      ""text"": ""This needs confirmation. If the newer lifecycle material dropped that exception without an explicit decision, we need to determine whether that was intentional or a documentation gap.""
    }
  ]
}
]

[19] source=9437222564f7ac64 type=SrcChunk hops=0 score=0.6885 chunk=9437222564f7ac64 doc=JIRA-Item.md rel=VECTOR_SIMILARITY
tion"": ""Implement the immediate status change for items (Available/Unavailable). Ensure items marked Unavailable cannot be rented."",
    ""status"": ""In Progress"",
    ""comments"": [
      {
        ""author"": ""Developer Dave"",
        ""timestamp"": ""2026-02-22T10:00:00Z"",
        ""text"": ""Logic check: If an item is currently 'Active' in a rent record, can an admin still set it to 'Unavailable'? The specification says status changes take effect immediately.""
      }
    ]
  },
  {
    ""ticket_id"": ""JIRA-ITEM-305"",
    ""summary"": ""Item Deletion Logic (Soft Delete)"",
    ""description"": ""Implement deletion of items using a soft-delete approach instead of physical removal. Prevent deletion when the item is still referenced by active rental activity, and confirm how the business deletion outcome should map to the current technical status model."",
    ""status"": ""To Do"",
    ""comments"": [
      {
        ""author"": ""Backend Engineer Tomas"",
        ""timestamp"": ""2026-02-22T12:00:00Z"",
        ""text"": ""Terminology check: the deletion outcome described in the specification does not map cleanly to the status values currently supported in the database. I need confirmation whether deleted items shou

[20] source=2b468c2425caf512 type=SrcChunk hops=0 score=0.7017 chunk=2b468c2425caf512 doc=CONF-AUTH-01.md rel=VECTOR_SIMILARITY
ystem shall set the account status to Pending upon successful registration and before email verification.
## 1.4.4 The system shall set the account status to Active after successful email verification.
## 1.4.5 The system shall allow the system administrator to change the account status to Suspended.
## 1.4.6 The system shall prevent Suspended accounts from authenticating and accessing the platform.
## 1.4.7 The system shall allow the system administrator to reactivate Suspended accounts by setting the status to Active.
## 1.4.8 The system shall allow the system administrator to set the account status to Deleted.
## 1.4.9 The system shall prevent Deleted accounts from authenticating and accessing the platform.
## 1.4.10 The system shall retain account data for Deleted accounts according to the data retention policy.
## 1.4.11 The system shall ensure that account status changes take effect immediately.

## 1.5. Session Management
## 1.5.1 The system shall create an authenticated session upon successful user authentication.
## 1.5.2 The system shall associate each session with a specific user account.
## 1.5.3 The system shall allow authenticated users to access protected resources o

[21] source=9978dc0dcd43a512 type=SrcChunk hops=0 score=0.6891 chunk=9978dc0dcd43a512 doc=JIRA-Item.md rel=VECTOR_SIMILARITY
"": ""Terminology check: the deletion outcome described in the specification does not map cleanly to the status values currently supported in the database. I need confirmation whether deleted items should reuse a non-rentable status or whether this requires a separate lifecycle value.""
      }
    ]
  }
]

[22] source=a4a287abb143e79a type=SrcChunk hops=0 score=0.6878 chunk=a4a287abb143e79a doc=JIRA-Rewards.md rel=VECTOR_SIMILARITY
nal buffer before charges apply.""
      }
    ]
  },
  {
    ""ticket_id"": ""JIRA-REW-905"",
    ""summary"": ""Penalty Dispute Workflow"",
    ""description"": ""Implement penalty dispute submission and resolution so users can challenge penalty outcomes and authorized staff can record the final decision together with any resulting adjustment."",
    ""status"": ""To Do""
  },
  {
    ""ticket_id"": ""JIRA-REW-906"",
    ""summary"": ""Adjustment Audit Logging"",
    ""description"": ""Log loyalty and penalty adjustments in a way that preserves traceability, supports controlled review, and remains compatible with the platform's broader privacy and auditability expectations."",
    ""status"": ""In Progress"",
    ""comments"": [
      {
        ""author"": ""Developer Dave"",
        ""timestamp"": ""2026-03-17T09:00:00Z"",
        ""text"": ""Auditability note: the requirement expects user-linked traceability for adjustments, but we should confirm whether direct user-identifying values belong in the raw adjustment log or whether authorized reviewers should resolve identities through a controlled lookup path.""
      }
    ]
  }
]

[23] source=69182d61c773aadd type=SrcChunk hops=0 score=0.6833 chunk=69182d61c773aadd doc=CONF-AUTH-01.md rel=VECTOR_SIMILARITY
# 1.3.6. The system shall allow users to initiate a password reset process if they forget their password.
## 1.3.7. The system shall require the user to provide their registered email address to initiate the password reset process.
## 1.3.8. The system shall send a password reset email containing a unique, time-limited reset link to the user's registered email address.
## 1.3.9. The system shall validate the reset link before allowing the user to set a new password.
## 1.3.10. The system shall allow the user to set a new password only if the reset link is valid and has not expired.
## 1.3.11. The system shall invalidate the reset link after successful password reset.
## 1.3.12. The system shall invalidate all active sessions after a successful password change or reset.

## 1.4. Account Status Management
## 1.4.1 The system shall assign a status to each user account.
## 1.4.2 The system shall support the following account statuses: Pending, Active, Suspended, and Deleted.
## 1.4.3 The system shall set the account status to Pending upon successful registration and before email verification.
## 1.4.4 The system shall set the account status to Active after successful email verification

[24] source=e6716dab172b3183 type=SrcChunk hops=0 score=0.6763 chunk=e6716dab172b3183 doc=JIRA-Availability.md rel=VECTOR_SIMILARITY
: ""Maintenance Period Management"",
    ""description"": ""Implement maintenance windows for items, ensure those periods block rental activity, and make the item appear non-rentable while the maintenance window is in effect."",
    ""status"": ""In Progress"",
    ""comments"": [
      {
        ""author"": ""Tomas"",
        ""timestamp"": ""2026-02-24T10:00:00Z"",
        ""text"": ""Current implementation path uses the existing non-rentable status handling for maintenance-related periods as well. We should confirm whether the user interface needs to distinguish maintenance from other forms of temporary unavailability.""
      }
    ]
  },
  {
    ""ticket_id"": ""JIRA-AVAIL-405"",
    ""summary"": ""Real-time Status Sync"",
    ""description"": ""Ensure availability changes are applied immediately when relevant rental lifecycle events or availability controls are updated."",
    ""status"": ""To Do""
  }
]

[25] source=ebea956274025791 type=SrcChunk hops=0 score=0.6744 chunk=ebea956274025791 doc=JIRA-Payment.md rel=VECTOR_SIMILARITY
ctations for the total, but it does not fully spell out how edge-case fractions should be handled at each calculation stage. I started with a simplified approach for partial-unit handling, but this needs confirmation before we freeze the behavior.""
      },
      {
        ""author"": ""QA Marta"",
        ""timestamp"": ""2026-03-01T14:00:00Z"",
        ""text"": ""Please verify the consistency of subtotal, tax, and final amount handling. A display-friendly simplification in one layer can still produce visible mismatches later if the stored and presented totals are derived differently.""
      },
      {
        ""author"": ""Developer Dave"",
        ""timestamp"": ""2026-03-04T15:00:00Z"",
        ""text"": ""UI note: finance asked for cleaner presentation in one of the pilot currency scenarios, so I explored a more compact display format there while keeping more precise values in the underlying records. We need confirmation that the user-facing total must always match the persisted billing amount exactly.""
      }
    ]
  },
  {
    ""ticket_id"": ""JIRA-PAY-603"",
    ""summary"": ""Invoice Generation Engine"",
    ""description"": ""Generate invoices for billable rental outcomes, assign stable invoice identif

[26] source=0013387e34dddff9 type=SrcChunk hops=0 score=0.6728 chunk=0013387e34dddff9 doc=TOOLCHAIN-CONF-RENTABLE-ITEM-01.md rel=VECTOR_SIMILARITY
ity status changes take effect immediately.

## 3.4 Item Deletion
## 3.4.1 The system shall allow authorized users to delete items.
## 3.4.2 The system shall prevent deletion of items that have Active rent records.
## 3.4.3 The system shall mark deleted items as Inactive instead of permanently removing them, unless explicitly configured otherwise.

## 3.5 Item Access Control
## 3.5.1 The system shall allow all authenticated users to view available items.
## 3.5.2 The system shall restrict item creation, modification, and deletion to authorized users.

[27] source=e633209b9a702ede type=SrcChunk hops=0 score=0.6724 chunk=e633209b9a702ede doc=CONF-AUTH-01.md rel=VECTOR_SIMILARITY
ion link.
## 1.1.8. Upon successful activation, the system shall update the account status to Active.
## 1.1.9. The system shall not allow authentication or platform access for accounts that are not in Active status.

## 1.2. User Authentication and Login
## 1.2.1. The system shall allow access to the platform only for authenticated users with an account status of Active.
## 1.2.2. The system shall require the user to provide their registered email address and password in order to authenticate.
## 1.2.3. The system shall validate the provided credentials against the stored account data.
## 1.2.4. If the provided credentials are valid and the account status is Active, the system shall authenticate the user and grant access to the platform.
## 1.2.5. If the provided credentials are invalid, the system shall deny access and display an appropriate error message.
## 1.2.6. The system shall deny authentication if the account status is not Active, including but not limited to Pending, Suspended, or Deleted statuses.
## 1.2.7. Upon successful authentication, the system shall create an authenticated session associated with the user.
## 1.2.8. The system shall maintain the authenticated sess

[28] source=56489466fbfffbaa type=SrcChunk hops=0 score=0.6705 chunk=56489466fbfffbaa doc=JIRA-Auth.md rel=VECTOR_SIMILARITY
The system shall not allow authentication or platform access for accounts that are not in Active status (e.g., Pending, Suspended, Deleted)."",
    ""comments"": []
  },
  {
    ""ticket_id"": ""JIRA-Auth-110"",
    ""summary"": ""Activation token - Enforce single-use"",
    ""description"": ""Activation tokens shall be single-use. After a successful activation, the system shall invalidate the activation token immediately to prevent reuse."",
    ""comments"": []
  },
  {
    ""ticket_id"": ""JIRA-Auth-111"",
    ""summary"": ""Support registration for multiple users sharing the same email address"",
    ""description"": ""In some use cases (e.g. family accounts or shared organizational email addresses), multiple users may attempt to register using the same email address. Instead of enforcing strict email uniqueness, we may allow multiple accountsto share the same email if another identifier (such as phone number) is unique. This would require adjusting the registration validation logic."",
    ""comments"": [
      {
        ""author"": ""QA Engineer Marta"",
        ""timestamp"": ""2026-02-16T10:41:00Z"",
        ""text"": ""This contradicts the SRS requirement that email must be unique. Please confirm expected behavior

[29] source=d1f9814887e95dcd type=SrcChunk hops=0 score=0.6699 chunk=d1f9814887e95dcd doc=JIRA-Auth.md rel=VECTOR_SIMILARITY
n - Send confirmation email with activation link"",
    ""description"": ""After successful registration, the system shall send an account activation email to the provided email address. The email shall contain a unique activation link."",
    ""comments"": [
      {
        ""author"": ""Security Engineer Viktor"",
        ""timestamp"": ""2026-02-15T13:40:00Z"",
        ""text"": ""Activation tokens must be cryptographically secure and time-limited. If stored, store hashed tokens.""
      }
    ]
  },
  {
    ""ticket_id"": ""JIRA-Auth-106"",
    ""summary"": ""Activation - Validate activation link and activate account"",
    ""description"": ""Implement activation flow. The system shall validate the activation link/token. If valid, the system shall update the account status from Pending to Active and allow platform access."",
    ""comments"": []
  },
  {
    ""ticket_id"": ""JIRA-Auth-107"",
    ""summary"": ""Activation - Reject invalid or expired tokens"",
    ""description"": ""The system shall reject activation requests that use invalid or expired activation tokens and show an appropriate error state."",
    ""comments"": []
  },
  {
  ""ticket_id"": ""JIRA-Auth-108"",
  ""summary"": ""Registration - Security hardening: Preven

[30] source=cb19aeaad55d5a74 type=SrcChunk hops=0 score=0.6644 chunk=cb19aeaad55d5a74 doc=JIRA-Rewards.md rel=VECTOR_SIMILARITY
[
  {
    ""ticket_id"": ""JIRA-REW-901"",
    ""summary"": ""Loyalty Points Accrual Logic"",
    ""description"": ""Implement loyalty point accrual for completed and successfully settled rental activity, and ensure awarded points are applied to the user account according to the configurable reward policy."",
    ""status"": ""In Progress"",
    ""comments"": [
      {
        ""author"": ""Developer Dave"",
        ""timestamp"": ""2026-03-15T10:00:00Z"",
        ""text"": ""Implementation note: the specification refers to configurable business rules for point awards, but the exact reward formula is not yet finalized. I need confirmation on whether beta should use a temporary default rule or wait for the configurable policy source.""
      }
    ]
  },
  {
    ""ticket_id"": ""JIRA-REW-902"",
    ""summary"": ""Points Redemption and Discount Handling"",
    ""description"": ""Allow loyalty point redemption during billing, validate that the user has sufficient balance, and ensure redemption is recorded consistently together with the related financial outcome."",
    ""status"": ""To Do""
  },
  {
    ""ticket_id"": ""JIRA-REW-903"",
    ""summary"": ""Loyalty Tier Automation"",
    ""description"": ""Implement configurable loyalty tier a

[31] source=22d80e39745d1186 type=SrcChunk hops=0 score=0.6637 chunk=22d80e39745d1186 doc=JIRA-Reporting.md rel=VECTOR_SIMILARITY
 truth to avoid mismatches between invoices and exported summaries.""
      }
    ]
  },
  {
    ""ticket_id"": ""JIRA-REP-703"",
    ""summary"": ""User Activity and Audit Logging"",
    ""description"": ""Implement user activity reporting and audit logging for critical system events, while preserving traceability and staying aligned with privacy constraints around what user-related data may appear in logs and operational views."",
    ""status"": ""In Progress"",
    ""comments"": [
      {
        ""author"": ""Developer Dave"",
        ""timestamp"": ""2026-03-07T08:30:00Z"",
        ""text"": ""Privacy note: the specification expects user-linked auditability, but the current compliance direction discourages exposing directly identifiable personal details in raw logs. I need confirmation on whether administrators should read these records through a controlled lookup layer rather than from the stored log entries alone.""
      }
    ]
  },
  {
    ""ticket_id"": ""JIRA-REP-704"",
    ""summary"": ""Audit Log Integrity"",
    ""description"": ""Ensure audit entries remain protected against unauthorized change or removal, and that the storage approach supports the integrity guarantees defined in the reporting and audit sp

[32] source=1d3d27d1a24b72f0 type=SrcChunk hops=0 score=0.6614 chunk=1d3d27d1a24b72f0 doc=JIRA-Auth.md rel=VECTOR_SIMILARITY
that use invalid or expired activation tokens and show an appropriate error state."",
    ""comments"": []
  },
  {
  ""ticket_id"": ""JIRA-Auth-108"",
  ""summary"": ""Registration - Security hardening: Prevent email enumeration"",
  ""description"": ""To prevent attackers from discovering registered users, the registration flow must use generic responses. \n\nRequirement:\nIf a user tries to register with an email address that is already in use, the system MUST NOT display an error message stating 'Email already exists'. \nInstead, it should display a generic message: 'If this email is valid, a message has been sent to it.'"",
  ""comments"": [
    {
      ""author"": ""Security Engineer Viktor"",
      ""timestamp"": ""2026-02-16T10:00:00Z"",
      ""text"": ""This is critical for OWA (OWASP) compliance. We cannot leak user existence through the registration form.""
    }
  ]
},
  {
    ""ticket_id"": ""JIRA-Auth-109"",
    ""summary"": ""Authentication gate - Block login for non-Active accounts"",
    ""description"": ""The system shall not allow authentication or platform access for accounts that are not in Active status (e.g., Pending, Suspended, Deleted)."",
    ""comments"": []
  },
  {
    ""ticket_id"": ""JIRA-Auth-1

[33] source=8f047482d7206346 type=SrcChunk hops=0 score=0.6589 chunk=8f047482d7206346 doc=JIRA-Availability.md rel=VECTOR_SIMILARITY
op the endpoint for checking whether an item can be rented within a requested period, ensuring the response reflects the latest rental and item-state information at query time."",
    ""status"": ""In Progress"",
    ""comments"": [
      {
        ""author"": ""QA Marta"",
        ""timestamp"": ""2026-02-23T11:00:00Z"",
        ""text"": ""Found an ambiguity in query results after the recent item-management changes. Records that are no longer operationally valid are being surfaced through the same availability wording used for temporarily blocked items, which may mislead users about whether the item is recoverable or simply not rentable at the moment.""
      }
    ]
  },
  {
    ""ticket_id"": ""JIRA-AVAIL-403"",
    ""summary"": ""Manual Availability Restrictions"",
    ""description"": ""Allow authorized users to define manual non-rentable periods and ensure those restrictions take precedence over otherwise rentable time windows."",
    ""status"": ""To Do""
  },
  {
    ""ticket_id"": ""JIRA-AVAIL-404"",
    ""summary"": ""Maintenance Period Management"",
    ""description"": ""Implement maintenance windows for items, ensure those periods block rental activity, and make the item appear non-rentable while the maintenance 

[34] source=39e8811963c4099a type=SrcChunk hops=0 score=0.6505 chunk=39e8811963c4099a doc=TOOLCHAIN-CONF-RENT-01.md rel=VECTOR_SIMILARITY
Approved status.

## 2.5 Rent Completion
## 2.5.1 The system shall update the rent status to Completed when the rental end date is reached.
## 2.5.2 The system shall allow authorized users to manually complete a rent.
## 2.5.3 The system shall prevent completion of rent records that are not in Active status.

## 2.6 Rent Cancellation
## 2.6.1 The system shall allow users to cancel rent records that are in Requested status.
## 2.6.2 The system shall allow authorized users to cancel rent records that are in Approved or Active status.
## 2.6.3 The system shall update the rent status to Cancelled when a rent is cancelled.
## 2.6.4 The system shall prevent cancellation of rent records that are already Completed or Cancelled.

## 2.7 Rent Modification Rules
## 2.7.1 The system shall allow modification of rent records only when the rent status is Requested.
## 2.7.2 The system shall prevent modification of rent records that are in Approved, Active, Completed, Rejected, or Cancelled status, unless explicitly permitted.
## 2.7.3 The system shall validate all changes before saving modifications.

## 2.8 Rent History and Audit
## 2.8.1 The system shall maintain the full lifecycle history of e

[35] source=c9549ababe52be5f type=SrcChunk hops=0 score=0.6472 chunk=c9549ababe52be5f doc=EMAIL_DATA_Internal_Audit_Discrepancy.txt rel=VECTOR_SIMILARITY
From: internal_audit@toolchain.com
Date: 2026-03-08 14:00
Subject: Review findings on reporting consistency

Hi Dev Team,

During our recent reporting review, we found several consistency issues that need clarification before the reporting package can be considered reliable for audit use.

First, the financial outputs do not appear to align cleanly across all billing contexts. In some cases, the figures shown in reports, exported files, and billing records seem to reflect different presentation or calculation assumptions.

Second, the activity and audit views currently favor a privacy-preserving identifier style that makes operational review harder for non-technical auditors. We need to confirm whether this is the intended audit model, or whether authorized reviewers should have access to a controlled identity-resolution path.

Third, exported reporting artifacts do not always appear to match the same underlying interpretation used elsewhere in the platform, which raises a broader question about which data representation should be treated as authoritative for audit purposes.

Please review and confirm the intended source-of-truth model for report generation, export, and audit visib

[36] source=66d61fc1f995d676 type=SrcChunk hops=0 score=0.7355 chunk=66d61fc1f995d676 doc=JIRA-Auth.md rel=VECTOR_SIMILARITY
 {
        ""author"": ""QA Engineer Marta"",
        ""timestamp"": ""2026-02-16T10:41:00Z"",
        ""text"": ""This contradicts the SRS requirement that email must be unique. Please confirm expected behavior.""
      }
    ]
  },
  {
  ""ticket_id"": ""JIRA-Auth-112"",
  ""summary"": ""Registration - Auto-cleanup for unactivated accounts and Data Retention"",
  ""description"": ""To comply with data minimization principles, the system shall automatically delete any user account that remains in 'Pending' status for more than 30 days. All associated personal data must be removed, except for minimal audit logs required by the retention policy."",
  ""comments"": [
    {
      ""author"": ""PM Peter"",
      ""timestamp"": ""2026-02-16T12:05:00Z"",
      ""text"": ""This is an enhancement beyond the initial SRS but aligns with GDPR data minimization.""
    },
    {
      ""author"": ""QA Engineer Marta"",
      ""timestamp"": ""2026-02-16T13:45:00Z"",
      ""text"": ""Logic Gap: If we delete the account after 30 days, what happens to the activation link sent in CONF-AUTH-01 1.5? The link has no expiry in the docs. We need to ensure the link doesn't trigger a 500 error on a non-existent account.""
    },
    {
      ""author"": ""Sec

[37] source=2fb79f7446b24909 type=SrcChunk hops=0 score=0.7124 chunk=2fb79f7446b24909 doc=JIRA-Auth.md rel=VECTOR_SIMILARITY
o the activation link sent in CONF-AUTH-01 1.5? The link has no expiry in the docs. We need to ensure the link doesn't trigger a 500 error on a non-existent account.""
    },
    {
      ""author"": ""Security Engineer Viktor"",
      ""timestamp"": ""2026-02-17T10:10:00Z"",
      ""text"": ""Clarification Needed: When a user manually requests account deletion, should it be immediate, or do we provide a 14-day 'grace period' for recovery before the permanent wipe?""
    }
  ]
},
  {
    ""ticket_id"": ""JIRA-Auth-113"",
    ""summary"": ""Registration - Password policy enforcement"",
    ""description"": ""Enforce password policy rules during registration and prevent weak passwords."",
    ""comments"": [
      {
        ""author"": ""Security Engineer Viktor"",
        ""timestamp"": ""2026-02-16T13:12:00Z"",
        ""text"": ""Missing details: minimum length, complexity requirements, common password blacklist, and whether passphrases are allowed.""
      }
    ],
    ""attachments"": [""EMAIL_CTO_Security_Update.txt""]
  },
{
  ""ticket_id"": ""JIRA-Auth-114"",
  ""summary"": ""Allow registration without phone number"",
  ""description"": ""Some users are reluctant to provide their phone number during registration. Consider making 

[38] source=854f7de27dc6118d type=SrcChunk hops=0 score=0.6732 chunk=854f7de27dc6118d doc=JIRA-Payment.md rel=VECTOR_SIMILARITY
.""
      }
    ]
  },
  {
    ""ticket_id"": ""JIRA-PAY-603"",
    ""summary"": ""Invoice Generation Engine"",
    ""description"": ""Generate invoices for billable rental outcomes, assign stable invoice identifiers, and store the invoice content together with the relevant rental and pricing details."",
    ""status"": ""To Do""
  },
  {
    ""ticket_id"": ""JIRA-PAY-604"",
    ""summary"": ""Payment Processing Integration"",
    ""description"": ""Implement payment handling, including payment-state tracking and linkage between payment, invoice, and rental records. Clarify how unsuccessful payment outcomes should affect downstream rental and availability behavior."",
    ""status"": ""In Progress"",
    ""comments"": [
      {
        ""author"": ""Tomas"",
        ""timestamp"": ""2026-03-02T09:00:00Z"",
        ""text"": ""There is a cross-module ambiguity here: when a payment attempt does not complete successfully, I do not yet know whether the related rental should remain operationally blocked, return to normal availability, or wait for a separate business decision.""
      }
    ]
  },
  {
    ""ticket_id"": ""JIRA-PAY-605"",
    ""summary"": ""Duplicate Payment Prevention"",
    ""description"": ""Implement idempotent payment prote

[39] source=dbdfe9579474ba43 type=SrcChunk hops=0 score=0.6702 chunk=dbdfe9579474ba43 doc=JIRA-Auth.md rel=VECTOR_SIMILARITY
be validated during registration?""
    },
    {
      ""author"": ""Developer Dave"",
      ""timestamp"": ""2026-02-15T11:05:00Z"",
      ""text"": ""Yes, we will accept common separators and normalize phone numbers to E.164 format.""
    },
    {
      ""author"": ""Backend Engineer Tomas"",
      ""timestamp"": ""2026-02-15T11:42:00Z"",
      ""text"": ""Yes, email format must be validated. The email must follow standard format: local-part@domain. The local part may contain letters, numbers, dots, hyphens, and underscores. The domain must contain at least one dot and valid domain name characters. Example of valid format: user.name@example.com""
    }
  ]
},
  {
    ""ticket_id"": ""JIRA-Auth-104"",
    ""summary"": ""Registration - Create Pending account after successful submission"",
    ""description"": ""Upon successful submission of the registration form, the system shall create a new user account with status set to Pending."",
    ""comments"": []
  },
  {
    ""ticket_id"": ""JIRA-Auth-105"",
    ""summary"": ""Activation - Send confirmation email with activation link"",
    ""description"": ""After successful registration, the system shall send an account activation email to the provided email address. The email shall c

[40] source=0374b1fefbab130e type=SrcChunk hops=0 score=0.6610 chunk=0374b1fefbab130e doc=JIRA-Payment.md rel=VECTOR_SIMILARITY
PAY-608"",
    ""summary"": ""Billing Access Control"",
    ""description"": ""Implement access control rules for billing records so users can view only their own financial history while authorized roles can review broader payment and invoice data."",
    ""status"": ""Closed""
  }
]

[41] source=7306d641eb9b0bb2 type=SrcChunk hops=0 score=0.6546 chunk=7306d641eb9b0bb2 doc=EMAIL_FINANCE_MultiCurrency_HACK.txt rel=VECTOR_SIMILARITY
cial records.

Best,
Finance Dept.

[42] source=2f105702c1c1c3f3 type=SrcChunk hops=0 score=0.6532 chunk=2f105702c1c1c3f3 doc=JIRA-Auth.md rel=VECTOR_SIMILARITY
t: Clear error messages"",
  ""description"": ""Our support team reports that users are confused by generic messages. We need to provide clear, actionable feedback during registration.\n\nRequirement:\nIf an email address is already registered, the system should clearly state: 'This email address is already registered. Please log in or reset your password.'"",
  ""comments"": [
    {
      ""author"": ""UX Writer Nora"",
      ""timestamp"": ""2026-02-17T09:30:00Z"",
      ""text"": ""Generic messages lead to high drop-off rates. Users think the system is broken if they don't get a specific reason for failure.""
    }
  ]
},
{
  ""ticket_id"": ""JIRA-Auth-116"",
  ""summary"": ""Initial login implementation without MFA"",
  ""description"": ""The first implementation of the login endpoint will support email and password authentication only. Multi-factor authentication (MFA) is part of the security roadmap, but will not be implemented in this sprint. Future iterations should extend the authentication flow to support a second factor when enabled."",
  ""comments"": [
    {
      ""author"": ""Developer Dave"",
      ""timestamp"": ""2026-02-18T10:00:00Z"",
      ""text"": ""Login logic is ready. MFA is not part of this sprint,

[43] source=e6fe5b64787f87a6 type=SrcChunk hops=0 score=0.6528 chunk=e6fe5b64787f87a6 doc=TOOLCHAIN-CONF-REWARDS&PANELTIES-01.md rel=VECTOR_SIMILARITY
ll allow users to submit disputes for penalties.
## 9.6.2 The system shall store dispute status including Open, Under Review, Approved, and Rejected.
## 9.6.3 The system shall allow authorized users to resolve disputes.
## 9.6.4 The system shall update penalty records based on dispute outcome.

## 9.7 Adjustment Integrity and Audit
## 9.7.1 The system shall log loyalty and penalty transactions.
## 9.7.2 The system shall store timestamp, user identifier, and adjustment details.
## 9.7.3 The system shall prevent unauthorized modification of loyalty or penalty records.
## 9.7.4 The system shall maintain complete adjustment history.

[44] source=1da852dd7949b438 type=SrcChunk hops=0 score=0.6505 chunk=1da852dd7949b438 doc=TOOLCHAIN-CONF-REPORTING-01.md rel=VECTOR_SIMILARITY
 users to generate reports of user activity.
## 7.3.2 The system shall include rent creation, modification, cancellation, and payment activity in user reports.
## 7.3.3 The system shall allow filtering user activity reports by user identifier.

## 7.4 Audit Logging
## 7.4.1 The system shall record audit logs for critical system events.
## 7.4.2 The system shall log rent lifecycle events.
## 7.4.3 The system shall log item management events.
## 7.4.4 The system shall log payment and billing events.
## 7.4.5 The system shall log authentication and authorization events.

## 7.5 Audit Log Content
## 7.5.1 The system shall include timestamp in audit log entries.
## 7.5.2 The system shall include user identifier in audit log entries.
## 7.5.3 The system shall include event type in audit log entries.
## 7.5.4 The system shall include event outcome in audit log entries.

## 7.6 Audit Log Integrity
## 7.6.1 The system shall ensure audit logs cannot be modified.
## 7.6.2 The system shall ensure audit logs cannot be deleted by unauthorized users.
## 7.6.3 The system shall ensure audit logs are securely stored.

## 7.7 Report Export
## 7.7.1 The system shall allow authorized users to export re

[45] source=beb42617cfc95144 type=SrcChunk hops=0 score=0.6476 chunk=beb42617cfc95144 doc=JIRA-Delivery-Control.md rel=VECTOR_SIMILARITY
arta"",
        ""timestamp"": ""2026-03-10T11:30:00Z"",
        ""text"": ""Please confirm how unsupported edge windows should appear in the user flow. There is a difference between a slot that is structurally outside delivery hours and one that is technically valid but already unavailable.""
      }
    ]
  },
  {
    ""ticket_id"": ""JIRA-DEL-803"",
    ""summary"": ""Delivery Status Lifecycle"",
    ""description"": ""Implement the delivery lifecycle flow and ensure the system can track operational delivery progress while keeping users informed when delivery state changes occur."",
    ""status"": ""Closed"",
    ""comments"": [
      {
        ""author"": ""Backend Engineer Tomas"",
        ""timestamp"": ""2026-03-11T09:20:00Z"",
        ""text"": ""The operational status progression is implemented, but we should confirm whether all internal delivery transitions are meant to be exposed directly to users or whether some should remain back-office only.""
      }
    ]
  },
  {
    ""ticket_id"": ""JIRA-DEL-804"",
    ""summary"": ""Delivery Fee Calculation"",
    ""description"": ""Implement delivery fee calculation according to the configured logistics rules and ensure applicable delivery charges flow into billing in a consis

[46] source=1531165a3c8df366 type=SrcChunk hops=0 score=0.6458 chunk=1531165a3c8df366 doc=JIRA-Notifications.md rel=VECTOR_SIMILARITY
imestamp"": ""2026-02-25T14:00:00Z"",
        ""text"": ""Please confirm which identifier wording should appear in outbound messages. The specification and the warehouse-facing screens do not use exactly the same term, and I want to avoid sending emails that confuse end users.""
      }
    ]
  },
  {
    ""ticket_id"": ""JIRA-NOTIF-506"",
    ""summary"": ""User Notification Preferences"",
    ""description"": ""Allow users to manage notification preferences by category, while clarifying whether any event classes are considered business-critical and therefore not fully optional."",
    ""status"": ""In Progress"",
    ""comments"": [
      {
        ""author"": ""Developer Dave"",
        ""timestamp"": ""2026-02-26T10:00:00Z"",
        ""text"": ""There is a policy ambiguity here: product preference settings suggest broad user control, but management feedback indicates that some approval-related messages may need to remain non-optional. I need confirmation before deciding whether these events should bypass normal preference filtering.""
      }
    ]
  },
  {
    ""ticket_id"": ""JIRA-NOTIF-507"",
    ""summary"": ""Notification Event Logging"",
    ""description"": ""Log notification generation and delivery outcomes so author

[47] source=9694bf5bcf380db0 type=SrcChunk hops=0 score=0.6869 chunk=9694bf5bcf380db0 doc=JIRA-Payment.md rel=VECTOR_SIMILARITY
or wait for a separate business decision.""
      }
    ]
  },
  {
    ""ticket_id"": ""JIRA-PAY-605"",
    ""summary"": ""Duplicate Payment Prevention"",
    ""description"": ""Implement idempotent payment protection so the same invoice cannot be settled multiple times through repeated requests or retries."",
    ""status"": ""To Do""
  },
  {
    ""ticket_id"": ""JIRA-PAY-606"",
    ""summary"": ""Refund Management Logic"",
    ""description"": ""Support authorized refund handling while preserving traceability to the original payment and ensuring the refunded amount remains within the permitted financial boundary."",
    ""status"": ""To Do""
  },
  {
    ""ticket_id"": ""JIRA-PAY-607"",
    ""summary"": ""Billing History and Immutability"",
    ""description"": ""Implement billing history access and preserve the immutability expectations of completed financial records so users and administrators can review prior invoices and payments without altering finalized outcomes."",
    ""status"": ""To Do""
  },
  {
    ""ticket_id"": ""JIRA-PAY-608"",
    ""summary"": ""Billing Access Control"",
    ""description"": ""Implement access control rules for billing records so users can view only their own financial history while authorized roles can ","Generated 10 executable Gherkin tests for R6 (Pending-account cleanup). Tests cover the core requirement of automatic deletion of Pending accounts after 30 days, account lifecycle transitions, data removal compliance, and exception scenarios around manual deletion grace periods and activation link behavior post-cleanup. Tests are grounded in operative context from PRIMARY evidence E1 and E4, with supporting lifecycle context from E2, E5, E15, E20, and known issue references E13, E14.",System shall automatically delete any user account that remains in Pending status for more than 30 days || ystem shall set the account status to Pending upon successful registration and before email verification. || Account status changes take effect immediately,Manual account deletion may require a 14-day grace period for recovery before permanent wipe (unconfirmed) || Activation links have no documented expiry and may trigger errors on non-existent accounts after cleanup,,,E1|E2|E4|E5|E13|E14|E15|E20,"R6 targets pending-account cleanup. PRIMARY evidence E1 and E4 establish the core requirement: automatic deletion of Pending accounts after 30 days with removal of associated personal data except audit logs (GDPR data minimization). E2, E5, E15, E20 provide account lifecycle context showing Pending status is set upon registration and blocks authentication. E13 and E14 identify the activation expiry/pending cleanup gap as a known issue. E4 raises unresolved questions about manual deletion grace periods and activation link behavior post-cleanup. The 30-day automatic cleanup rule is clearly stated in PRIMARY evidence and should be operative. However, the interaction with activation links (no expiry documented) and manual deletion procedures (grace period unconfirmed) remain gaps that affect test design. Filtered abstract or low-relevance operative statements: All associated personal data must be removed upon automatic deletion, except for minimal audit logs required by retention policy | Pending accounts are created upon successful registration before email verification | Pending accounts cannot authenticate or access the platform",1,0,0,0
1cb52207,R6,hybrid,full,anthropic,claude-haiku-4-5-20251001,2,2026-07-03.v3,R6_8,Activation links may error on non-existent accounts post-cleanup,"Feature: Activation Link Behavior Post-Cleanup
  Scenario: Activation link triggers error when account no longer exists
    Given a Pending account has been automatically deleted
    And an activation link was previously sent to the user
    When the user clicks the activation link
    Then the system should return an error
    And the error should indicate the account does not exist",Exception from operative context: Activation links have no documented expiry and may trigger errors on non-existent accounts after cleanup. This is a known issue that should be tested to ensure proper error handling.,E13|E14,Activation links have no documented expiry and may trigger errors on non-existent accounts after cleanup,0013387e34dddff9|0374b1fefbab130e|1531165a3c8df366|1d3d27d1a24b72f0|1da852dd7949b438|22d80e39745d1186|2b468c2425caf512|2f105702c1c1c3f3|2fb79f7446b24909|39e8811963c4099a|44723706e3ff4356|56489466fbfffbaa|66d61fc1f995d676|69182d61c773aadd|6c5380267c218234|7306d641eb9b0bb2|854f7de27dc6118d|8f047482d7206346|8f9c14a11698d93e|9437222564f7ac64|9694bf5bcf380db0|9978dc0dcd43a512|A44|A5|A8|C1|G1|G63|G93c|I3|I4|R6|a4a287abb143e79a|beb42617cfc95144|c9549ababe52be5f|cb19aeaad55d5a74|d1f9814887e95dcd|dbdfe9579474ba43|e633209b9a702ede|e6716dab172b3183|e6fe5b64787f87a6|ebea956274025791|f5347fc41dbe1de1,Pending-account cleanup,Pending-account cleanup,"[1] source=R6 type=Requirement/SrcChunk hops=0 chunk=66d61fc1f995d676 doc=JIRA-Auth.md rel=TARGET
 {
        ""author"": ""QA Engineer Marta"",
        ""timestamp"": ""2026-02-16T10:41:00Z"",
        ""text"": ""This contradicts the SRS requirement that email must be unique. Please confirm expected behavior.""
      }
    ]
  },
  {
  ""ticket_id"": ""JIRA-Auth-112"",
  ""summary"": ""Registration - Auto-cleanup for unactivated accounts and Data Retention"",
  ""description"": ""To comply with data minimization principles, the system shall automatically delete any user account that remains in 'Pending' status for more than 30 days. All associated personal data must be removed, except for minimal audit logs required by the retention policy."",
  ""comments"": [
    {
      ""author"": ""PM Peter"",
      ""timestamp"": ""2026-02-16T12:05:00Z"",
      ""text"": ""This is an enhancement beyond the initial SRS but aligns with GDPR data minimization.""
    },
    {
      ""author"": ""QA Engineer Marta"",
      ""timestamp"": ""2026-02-16T13:45:00Z"",
      ""text"": ""Logic Gap: If we delete the account after 30 days, what happens to the activation link sent in CONF-AUTH-01 1.5? The link has no expiry in the docs. We need to ensure the link doesn't trigger a 500 error on a non-existent account.""
    },
    {
      ""author"": ""Sec

[2] source=R6 type=Requirement/SrcChunk hops=0 chunk=2b468c2425caf512 doc=CONF-AUTH-01.md rel=TARGET
ystem shall set the account status to Pending upon successful registration and before email verification.
## 1.4.4 The system shall set the account status to Active after successful email verification.
## 1.4.5 The system shall allow the system administrator to change the account status to Suspended.
## 1.4.6 The system shall prevent Suspended accounts from authenticating and accessing the platform.
## 1.4.7 The system shall allow the system administrator to reactivate Suspended accounts by setting the status to Active.
## 1.4.8 The system shall allow the system administrator to set the account status to Deleted.
## 1.4.9 The system shall prevent Deleted accounts from authenticating and accessing the platform.
## 1.4.10 The system shall retain account data for Deleted accounts according to the data retention policy.
## 1.4.11 The system shall ensure that account status changes take effect immediately.

## 1.5. Session Management
## 1.5.1 The system shall create an authenticated session upon successful user authentication.
## 1.5.2 The system shall associate each session with a specific user account.
## 1.5.3 The system shall allow authenticated users to access protected resources o

[3] source=R6 type=Requirement hops=0 rel=TARGET
Pending-account cleanup

[4] source=R6 type=Requirement/SrcChunk hops=0 chunk=2fb79f7446b24909 doc=JIRA-Auth.md rel=TARGET
o the activation link sent in CONF-AUTH-01 1.5? The link has no expiry in the docs. We need to ensure the link doesn't trigger a 500 error on a non-existent account.""
    },
    {
      ""author"": ""Security Engineer Viktor"",
      ""timestamp"": ""2026-02-17T10:10:00Z"",
      ""text"": ""Clarification Needed: When a user manually requests account deletion, should it be immediate, or do we provide a 14-day 'grace period' for recovery before the permanent wipe?""
    }
  ]
},
  {
    ""ticket_id"": ""JIRA-Auth-113"",
    ""summary"": ""Registration - Password policy enforcement"",
    ""description"": ""Enforce password policy rules during registration and prevent weak passwords."",
    ""comments"": [
      {
        ""author"": ""Security Engineer Viktor"",
        ""timestamp"": ""2026-02-16T13:12:00Z"",
        ""text"": ""Missing details: minimum length, complexity requirements, common password blacklist, and whether passphrases are allowed.""
      }
    ],
    ""attachments"": [""EMAIL_CTO_Security_Update.txt""]
  },
{
  ""ticket_id"": ""JIRA-Auth-114"",
  ""summary"": ""Allow registration without phone number"",
  ""description"": ""Some users are reluctant to provide their phone number during registration. Consider making 

[5] source=I4 type=Implementation/SrcChunk hops=1 chunk=8f9c14a11698d93e doc=CONF-AUTH-01.md rel=REFINES
# Documentum ID: TOOLCHAIN-CONF-AUTH-01
# Description: User account registration and lifecycle management
# Status: Effective (v1.0)

## 1 User account registration and lifecycle management

## 1.1 User registration and account activation
## 1.1.1 The user must register in order to access the platform.
## 1.1.2. During registration, the system shall require the user to provide the following mandatory information: first name, last name, phone number, email address
## 1.1.3. The system shall validate that the provided email address is unique and not already associated with an existing account.
## 1.1.4. Upon successful submission of the registration form, the system shall create a new user account with a status of Pending.
## 1.1.5. The system shall send an account activation email to the provided email address containing a unique activation link.
## 1.1.6. The user must activate their account by accessing the activation link.
## 1.1.7. The system shall verify the validity of the activation link.
## 1.1.8. Upon successful activation, the system shall update the account status to Active.
## 1.1.9. The system shall not allow authentication or platform access for accounts that are not i

[6] source=G63 type=Gap/SrcChunk hops=2 chunk=cc00a9173697dc7d doc=JIRA-Payment.md rel=IN_DOC > IN_DOC
[
  {
    ""ticket_id"": ""JIRA-PAY-601"",
    ""summary"": ""Pricing Configuration Service"",
    ""description"": ""Implement the pricing configuration layer so authorized users can define rental pricing structures and apply them consistently to rentable items without retroactively changing already established rental records."",
    ""status"": ""Closed""
  },
  {
    ""ticket_id"": ""JIRA-PAY-602"",
    ""summary"": ""Price Calculation and Precision"",
    ""description"": ""Implement rental cost calculation based on duration and pricing rules, and make sure the resulting amount is derived consistently across calculation, storage, and user-facing display. International billing and currency presentation should be treated as a related operational concern, but must not silently override the core pricing logic."",
    ""status"": ""In Progress"",
    ""comments"": [
      {
        ""author"": ""Developer Dave"",
        ""timestamp"": ""2026-03-01T10:00:00Z"",
        ""text"": ""The current specification defines correctness expectations for the total, but it does not fully spell out how edge-case fractions should be handled at each calculation stage. I started with a simplified approach for partial-unit handling, but this ne

[7] source=G1 type=Gap/SrcChunk hops=1 chunk=1d3d27d1a24b72f0 doc=JIRA-Auth.md rel=AFFECTS
that use invalid or expired activation tokens and show an appropriate error state."",
    ""comments"": []
  },
  {
  ""ticket_id"": ""JIRA-Auth-108"",
  ""summary"": ""Registration - Security hardening: Prevent email enumeration"",
  ""description"": ""To prevent attackers from discovering registered users, the registration flow must use generic responses. \n\nRequirement:\nIf a user tries to register with an email address that is already in use, the system MUST NOT display an error message stating 'Email already exists'. \nInstead, it should display a generic message: 'If this email is valid, a message has been sent to it.'"",
  ""comments"": [
    {
      ""author"": ""Security Engineer Viktor"",
      ""timestamp"": ""2026-02-16T10:00:00Z"",
      ""text"": ""This is critical for OWA (OWASP) compliance. We cannot leak user existence through the registration form.""
    }
  ]
},
  {
    ""ticket_id"": ""JIRA-Auth-109"",
    ""summary"": ""Authentication gate - Block login for non-Active accounts"",
    ""description"": ""The system shall not allow authentication or platform access for accounts that are not in Active status (e.g., Pending, Suspended, Deleted)."",
    ""comments"": []
  },
  {
    ""ticket_id"": ""JIRA-Auth-1

[8] source=G1 type=Gap hops=1 rel=AFFECTS
Activation expiry / pending cleanup gap

[9] source=I3 type=Implementation/SrcChunk hops=2 chunk=56489466fbfffbaa doc=JIRA-Auth.md rel=IN_DOC > IN_DOC
The system shall not allow authentication or platform access for accounts that are not in Active status (e.g., Pending, Suspended, Deleted)."",
    ""comments"": []
  },
  {
    ""ticket_id"": ""JIRA-Auth-110"",
    ""summary"": ""Activation token - Enforce single-use"",
    ""description"": ""Activation tokens shall be single-use. After a successful activation, the system shall invalidate the activation token immediately to prevent reuse."",
    ""comments"": []
  },
  {
    ""ticket_id"": ""JIRA-Auth-111"",
    ""summary"": ""Support registration for multiple users sharing the same email address"",
    ""description"": ""In some use cases (e.g. family accounts or shared organizational email addresses), multiple users may attempt to register using the same email address. Instead of enforcing strict email uniqueness, we may allow multiple accountsto share the same email if another identifier (such as phone number) is unique. This would require adjusting the registration validation logic."",
    ""comments"": [
      {
        ""author"": ""QA Engineer Marta"",
        ""timestamp"": ""2026-02-16T10:41:00Z"",
        ""text"": ""This contradicts the SRS requirement that email must be unique. Please confirm expected behavior

[10] source=G93c type=Gap/SrcChunk hops=2 chunk=ebea956274025791 doc=JIRA-Payment.md rel=IN_DOC > IN_DOC
ctations for the total, but it does not fully spell out how edge-case fractions should be handled at each calculation stage. I started with a simplified approach for partial-unit handling, but this needs confirmation before we freeze the behavior.""
      },
      {
        ""author"": ""QA Marta"",
        ""timestamp"": ""2026-03-01T14:00:00Z"",
        ""text"": ""Please verify the consistency of subtotal, tax, and final amount handling. A display-friendly simplification in one layer can still produce visible mismatches later if the stored and presented totals are derived differently.""
      },
      {
        ""author"": ""Developer Dave"",
        ""timestamp"": ""2026-03-04T15:00:00Z"",
        ""text"": ""UI note: finance asked for cleaner presentation in one of the pilot currency scenarios, so I explored a more compact display format there while keeping more precise values in the underlying records. We need confirmation that the user-facing total must always match the persisted billing amount exactly.""
      }
    ]
  },
  {
    ""ticket_id"": ""JIRA-PAY-603"",
    ""summary"": ""Invoice Generation Engine"",
    ""description"": ""Generate invoices for billable rental outcomes, assign stable invoice identif

[11] source=C1 type=Communication/SrcChunk hops=2 chunk=6bb3b84e337f31dc doc=JIRA-Auth.md rel=IN_DOC > IN_DOC
nd whether hyphens/accents are allowed in names.""
      },
      {
        ""author"": ""Developer Dave"",
        ""timestamp"": ""2026-02-15T14:38:00Z"",
        ""text"": ""Leading/trailing spaces will be trimmed. Hyphens and accents are allowed.""
      },
      {
        ""author"": ""QA Engineer Marta"",
        ""timestamp"": ""2026-02-16T07:16:00Z"",
        ""text"": ""Will first and last names be entered in separate fields? Will we support a middle name?""
      },
      {
        ""author"": ""PM Peter"",
        ""timestamp"": ""2026-02-16T12:58:00Z"",
        ""text"": ""First and last name are separate fields. Middle name is optional.""
      },
      {
        ""author"": ""QA Engineer Marta"",
        ""timestamp"": ""2026-02-16T16:43:00Z"",
        ""text"": ""Do we support double surnames or special characters (e.g. apostrophe in O'Connor)?""
      }
    ],
	""attachments"": [""EMAIL_LEGAL_GDPR_Compliance.txt""]
  },
  {
    ""ticket_id"": ""JIRA-Auth-102"",
    ""summary"": ""Registration - Email uniqueness validation"",
    ""description"": ""Validate that the email address provided during registration is unique and not already associated with an existing account. Uniqueness validation shall be case-insensitive."",
    ""comm

[12] source=A5 type=Actor/SrcChunk hops=2 chunk=b046296a3e9c6aab doc=JIRA-Auth.md rel=IN_DOC > IN_DOC
""description"": ""Validate that the email address provided during registration is unique and not already associated with an existing account. Uniqueness validation shall be case-insensitive."",
    ""comments"": [
      {
        ""author"": ""QA Engineer Marta"",
        ""timestamp"": ""2026-02-15T08:22:00Z"",
        ""text"": ""Should email addresses be case-sensitive when checking for uniqueness? (e.g. Test@t.com = test@t.com?)""
      }
    ]
  },
{
  ""ticket_id"": ""JIRA-Auth-103"",
  ""summary"": ""Registration - Phone number validation and normalization"",
  ""description"": ""Validate phone number format during registration and store it in normalized E.164 format. Reject invalid formats and normalize acceptable inputs."",
  ""comments"": [
    {
      ""author"": ""QA Engineer Marta"",
      ""timestamp"": ""2026-02-15T10:22:00Z"",
      ""text"": ""Please confirm whether we accept spaces, parentheses, and dashes in phone number input (e.g., +36 (30) 123-4567) and normalize it. Also, should the email address format be validated during registration?""
    },
    {
      ""author"": ""Developer Dave"",
      ""timestamp"": ""2026-02-15T11:05:00Z"",
      ""text"": ""Yes, we will accept common separators and normalize phone nu

[13] source=A8 type=Actor/SrcChunk hops=2 chunk=ce4209d8f88ab7e7 doc=JIRA-Auth.md rel=IN_DOC > IN_DOC
[
  {
    ""ticket_id"": ""JIRA-Auth-101"",
    ""summary"": ""Registration - Create account with mandatory fields"",
    ""description"": ""Implement user registration functionality. The system shall require first name, last name, phone number, email address, and password. All fields are mandatory and must be validated before submission. \n\nAdditionally, the form must include:\n1. A single 'Terms and Conditions' checkbox that represents acceptance of both the Terms of Service and Privacy Policy.\n2. A 'Submit' button that remains disabled until all mandatory fields are filled and the legal consent checkbox is checked."",
    ""comments"": [
      {
        ""author"": ""Tool Master Lesly"",
        ""timestamp"": ""2026-02-15T09:00:00Z"",
        ""text"": ""Name fields must be limited to 50 characters due to database constraints.""
      },
      {
        ""author"": ""QA Engineer Marta"",
        ""timestamp"": ""2026-02-15T09:09:00Z"",
        ""text"": ""Please clarify if leading/trailing spaces should be trimmed and whether hyphens/accents are allowed in names.""
      },
      {
        ""author"": ""Developer Dave"",
        ""timestamp"": ""2026-02-15T14:38:00Z"",
        ""text"": ""Leading/trailing spaces will be tri

[14] source=A44 type=Actor/SrcChunk hops=2 chunk=c48c34de8cf76bce doc=EMAIL_SUPPORT_Emergency_Override.txt rel=IN_DOC > IN_DOC
From: support_lead@toolchain.com
Date: 2026-02-24 15:30
Subject: Escalation: exception handling for priority customers

Hi Dev Team,

Support keeps running into cases where a high-priority customer wants to secure an item even though the system currently treats the time window as blocked because of another pending request.

Operationally, the team is asking whether specially authorized staff should be able to intervene in those cases and resolve the conflict manually, rather than forcing the customer to wait for the ordinary availability flow to clear on its own. In practice this would mean allowing a priority booking path to take precedence over weaker, not-yet-confirmed demand.

Please do not treat this as confirmed product policy yet. We need guidance on whether this should remain a support-side exception process, or whether the booking logic itself is expected to support it.

Regards,
Sarah (Support Lead)

[15] source=8f9c14a11698d93e type=SrcChunk hops=0 score=0.6735 chunk=8f9c14a11698d93e doc=CONF-AUTH-01.md rel=VECTOR_SIMILARITY
# Documentum ID: TOOLCHAIN-CONF-AUTH-01
# Description: User account registration and lifecycle management
# Status: Effective (v1.0)

## 1 User account registration and lifecycle management

## 1.1 User registration and account activation
## 1.1.1 The user must register in order to access the platform.
## 1.1.2. During registration, the system shall require the user to provide the following mandatory information: first name, last name, phone number, email address
## 1.1.3. The system shall validate that the provided email address is unique and not already associated with an existing account.
## 1.1.4. Upon successful submission of the registration form, the system shall create a new user account with a status of Pending.
## 1.1.5. The system shall send an account activation email to the provided email address containing a unique activation link.
## 1.1.6. The user must activate their account by accessing the activation link.
## 1.1.7. The system shall verify the validity of the activation link.
## 1.1.8. Upon successful activation, the system shall update the account status to Active.
## 1.1.9. The system shall not allow authentication or platform access for accounts that are not i

[16] source=6c5380267c218234 type=SrcChunk hops=0 score=0.6736 chunk=6c5380267c218234 doc=JIRA-Lifecycle.md rel=VECTOR_SIMILARITY
 [
      {
        ""author"": ""Backend Engineer Tomas"",
        ""timestamp"": ""2026-02-12T14:20:00Z"",
        ""text"": ""RBAC (Role-Based Access Control) integrated. Only users with 'OPERATOR' or 'ADMIN' roles can trigger approval.""
      }
    ]
  },
  {
    ""ticket_id"": ""JIRA-LIFE-204"",
    ""summary"": ""Manual Rent Completion for Operators"",
    ""description"": ""Allow authorized users to manually trigger rent completion. This is required for early returns."",
    ""status"": ""In Progress"",
    ""comments"": [
      {
        ""author"": ""QA Engineer Marta"",
        ""timestamp"": ""2026-02-21T10:15:00Z"",
        ""text"": ""Clarification needed: If an operator completes a rent early, does the 'Maintenance' (v1.2) period start immediately, or only at the original end date?""
      }
    ]
  },
  {
  ""ticket_id"": ""JIRA-LIFE-205"",
  ""summary"": ""Bug: Penalty applied during early operator cancellation"",
  ""description"": ""An operator reported that a rent was stopped shortly after it became active, but the system still applied a penalty fee. Based on earlier lifecycle guidance, there may have been a short tolerance window in which this kind of early cancellation should not have triggered the charge."",
  ""s

[17] source=f5347fc41dbe1de1 type=SrcChunk hops=0 score=0.6451 chunk=f5347fc41dbe1de1 doc=TOOLCHAIN-CONF-RENT-01-v1.2.md rel=VECTOR_SIMILARITY
 Approved status.

## 2.5 Rent Completion and Maintenance
## 2.5.1 (REVISED) Upon reaching the rental end date, the system shall update the status to 'Maintenance'.
## 2.5.2 (REVISED) Maintenance duration is dynamic and depends on the specific Equipment Category as defined in the Maintenance Matrix.
## 2.5.3 After the maintenance period is completed, the status transitions to 'Available'.

## 2.6 Rent Cancellation
## 2.6.1 The system shall allow users to cancel rent records that are in Requested status.
## 2.6.2 (REVISED) The system shall allow authorized users to cancel rent records that are in Approved or Active status.
## 2.6.3 The system shall update the rent status to Cancelled when a rent is cancelled.
## 2.6.4 The system shall prevent cancellation of rent records that are already Completed or Cancelled.

## 2.7 Rent Modification Rules
## 2.7.1 The system shall allow modification of rent records only when the rent status is Requested.
## 2.7.2 The system shall prevent modification of rent records that are in Approved, Active, Completed, Rejected, or Cancelled status, unless explicitly permitted.
## 2.7.3 The system shall validate all changes before saving modifications.

## 2

[18] source=44723706e3ff4356 type=SrcChunk hops=0 score=0.6826 chunk=44723706e3ff4356 doc=JIRA-Lifecycle.md rel=VECTOR_SIMILARITY
tem still applied a penalty fee. Based on earlier lifecycle guidance, there may have been a short tolerance window in which this kind of early cancellation should not have triggered the charge."",
  ""status"": ""New"",
  ""comments"": [
    {
      ""author"": ""Developer Dave"",
      ""timestamp"": ""2026-02-21T09:00:00Z"",
      ""text"": ""I checked the current cancellation rules and they still allow stopping an active rent, but I cannot find the earlier exemption language that would have waived the penalty in the initial operator tolerance window. It may have been removed, or it may simply be missing from the latest write-up.""
    },
    {
      ""author"": ""PM Peter"",
      ""timestamp"": ""2026-02-21T11:00:00Z"",
      ""text"": ""This needs confirmation. If the newer lifecycle material dropped that exception without an explicit decision, we need to determine whether that was intentional or a documentation gap.""
    }
  ]
}
]

[19] source=9437222564f7ac64 type=SrcChunk hops=0 score=0.6885 chunk=9437222564f7ac64 doc=JIRA-Item.md rel=VECTOR_SIMILARITY
tion"": ""Implement the immediate status change for items (Available/Unavailable). Ensure items marked Unavailable cannot be rented."",
    ""status"": ""In Progress"",
    ""comments"": [
      {
        ""author"": ""Developer Dave"",
        ""timestamp"": ""2026-02-22T10:00:00Z"",
        ""text"": ""Logic check: If an item is currently 'Active' in a rent record, can an admin still set it to 'Unavailable'? The specification says status changes take effect immediately.""
      }
    ]
  },
  {
    ""ticket_id"": ""JIRA-ITEM-305"",
    ""summary"": ""Item Deletion Logic (Soft Delete)"",
    ""description"": ""Implement deletion of items using a soft-delete approach instead of physical removal. Prevent deletion when the item is still referenced by active rental activity, and confirm how the business deletion outcome should map to the current technical status model."",
    ""status"": ""To Do"",
    ""comments"": [
      {
        ""author"": ""Backend Engineer Tomas"",
        ""timestamp"": ""2026-02-22T12:00:00Z"",
        ""text"": ""Terminology check: the deletion outcome described in the specification does not map cleanly to the status values currently supported in the database. I need confirmation whether deleted items shou

[20] source=2b468c2425caf512 type=SrcChunk hops=0 score=0.7017 chunk=2b468c2425caf512 doc=CONF-AUTH-01.md rel=VECTOR_SIMILARITY
ystem shall set the account status to Pending upon successful registration and before email verification.
## 1.4.4 The system shall set the account status to Active after successful email verification.
## 1.4.5 The system shall allow the system administrator to change the account status to Suspended.
## 1.4.6 The system shall prevent Suspended accounts from authenticating and accessing the platform.
## 1.4.7 The system shall allow the system administrator to reactivate Suspended accounts by setting the status to Active.
## 1.4.8 The system shall allow the system administrator to set the account status to Deleted.
## 1.4.9 The system shall prevent Deleted accounts from authenticating and accessing the platform.
## 1.4.10 The system shall retain account data for Deleted accounts according to the data retention policy.
## 1.4.11 The system shall ensure that account status changes take effect immediately.

## 1.5. Session Management
## 1.5.1 The system shall create an authenticated session upon successful user authentication.
## 1.5.2 The system shall associate each session with a specific user account.
## 1.5.3 The system shall allow authenticated users to access protected resources o

[21] source=9978dc0dcd43a512 type=SrcChunk hops=0 score=0.6891 chunk=9978dc0dcd43a512 doc=JIRA-Item.md rel=VECTOR_SIMILARITY
"": ""Terminology check: the deletion outcome described in the specification does not map cleanly to the status values currently supported in the database. I need confirmation whether deleted items should reuse a non-rentable status or whether this requires a separate lifecycle value.""
      }
    ]
  }
]

[22] source=a4a287abb143e79a type=SrcChunk hops=0 score=0.6878 chunk=a4a287abb143e79a doc=JIRA-Rewards.md rel=VECTOR_SIMILARITY
nal buffer before charges apply.""
      }
    ]
  },
  {
    ""ticket_id"": ""JIRA-REW-905"",
    ""summary"": ""Penalty Dispute Workflow"",
    ""description"": ""Implement penalty dispute submission and resolution so users can challenge penalty outcomes and authorized staff can record the final decision together with any resulting adjustment."",
    ""status"": ""To Do""
  },
  {
    ""ticket_id"": ""JIRA-REW-906"",
    ""summary"": ""Adjustment Audit Logging"",
    ""description"": ""Log loyalty and penalty adjustments in a way that preserves traceability, supports controlled review, and remains compatible with the platform's broader privacy and auditability expectations."",
    ""status"": ""In Progress"",
    ""comments"": [
      {
        ""author"": ""Developer Dave"",
        ""timestamp"": ""2026-03-17T09:00:00Z"",
        ""text"": ""Auditability note: the requirement expects user-linked traceability for adjustments, but we should confirm whether direct user-identifying values belong in the raw adjustment log or whether authorized reviewers should resolve identities through a controlled lookup path.""
      }
    ]
  }
]

[23] source=69182d61c773aadd type=SrcChunk hops=0 score=0.6833 chunk=69182d61c773aadd doc=CONF-AUTH-01.md rel=VECTOR_SIMILARITY
# 1.3.6. The system shall allow users to initiate a password reset process if they forget their password.
## 1.3.7. The system shall require the user to provide their registered email address to initiate the password reset process.
## 1.3.8. The system shall send a password reset email containing a unique, time-limited reset link to the user's registered email address.
## 1.3.9. The system shall validate the reset link before allowing the user to set a new password.
## 1.3.10. The system shall allow the user to set a new password only if the reset link is valid and has not expired.
## 1.3.11. The system shall invalidate the reset link after successful password reset.
## 1.3.12. The system shall invalidate all active sessions after a successful password change or reset.

## 1.4. Account Status Management
## 1.4.1 The system shall assign a status to each user account.
## 1.4.2 The system shall support the following account statuses: Pending, Active, Suspended, and Deleted.
## 1.4.3 The system shall set the account status to Pending upon successful registration and before email verification.
## 1.4.4 The system shall set the account status to Active after successful email verification

[24] source=e6716dab172b3183 type=SrcChunk hops=0 score=0.6763 chunk=e6716dab172b3183 doc=JIRA-Availability.md rel=VECTOR_SIMILARITY
: ""Maintenance Period Management"",
    ""description"": ""Implement maintenance windows for items, ensure those periods block rental activity, and make the item appear non-rentable while the maintenance window is in effect."",
    ""status"": ""In Progress"",
    ""comments"": [
      {
        ""author"": ""Tomas"",
        ""timestamp"": ""2026-02-24T10:00:00Z"",
        ""text"": ""Current implementation path uses the existing non-rentable status handling for maintenance-related periods as well. We should confirm whether the user interface needs to distinguish maintenance from other forms of temporary unavailability.""
      }
    ]
  },
  {
    ""ticket_id"": ""JIRA-AVAIL-405"",
    ""summary"": ""Real-time Status Sync"",
    ""description"": ""Ensure availability changes are applied immediately when relevant rental lifecycle events or availability controls are updated."",
    ""status"": ""To Do""
  }
]

[25] source=ebea956274025791 type=SrcChunk hops=0 score=0.6744 chunk=ebea956274025791 doc=JIRA-Payment.md rel=VECTOR_SIMILARITY
ctations for the total, but it does not fully spell out how edge-case fractions should be handled at each calculation stage. I started with a simplified approach for partial-unit handling, but this needs confirmation before we freeze the behavior.""
      },
      {
        ""author"": ""QA Marta"",
        ""timestamp"": ""2026-03-01T14:00:00Z"",
        ""text"": ""Please verify the consistency of subtotal, tax, and final amount handling. A display-friendly simplification in one layer can still produce visible mismatches later if the stored and presented totals are derived differently.""
      },
      {
        ""author"": ""Developer Dave"",
        ""timestamp"": ""2026-03-04T15:00:00Z"",
        ""text"": ""UI note: finance asked for cleaner presentation in one of the pilot currency scenarios, so I explored a more compact display format there while keeping more precise values in the underlying records. We need confirmation that the user-facing total must always match the persisted billing amount exactly.""
      }
    ]
  },
  {
    ""ticket_id"": ""JIRA-PAY-603"",
    ""summary"": ""Invoice Generation Engine"",
    ""description"": ""Generate invoices for billable rental outcomes, assign stable invoice identif

[26] source=0013387e34dddff9 type=SrcChunk hops=0 score=0.6728 chunk=0013387e34dddff9 doc=TOOLCHAIN-CONF-RENTABLE-ITEM-01.md rel=VECTOR_SIMILARITY
ity status changes take effect immediately.

## 3.4 Item Deletion
## 3.4.1 The system shall allow authorized users to delete items.
## 3.4.2 The system shall prevent deletion of items that have Active rent records.
## 3.4.3 The system shall mark deleted items as Inactive instead of permanently removing them, unless explicitly configured otherwise.

## 3.5 Item Access Control
## 3.5.1 The system shall allow all authenticated users to view available items.
## 3.5.2 The system shall restrict item creation, modification, and deletion to authorized users.

[27] source=e633209b9a702ede type=SrcChunk hops=0 score=0.6724 chunk=e633209b9a702ede doc=CONF-AUTH-01.md rel=VECTOR_SIMILARITY
ion link.
## 1.1.8. Upon successful activation, the system shall update the account status to Active.
## 1.1.9. The system shall not allow authentication or platform access for accounts that are not in Active status.

## 1.2. User Authentication and Login
## 1.2.1. The system shall allow access to the platform only for authenticated users with an account status of Active.
## 1.2.2. The system shall require the user to provide their registered email address and password in order to authenticate.
## 1.2.3. The system shall validate the provided credentials against the stored account data.
## 1.2.4. If the provided credentials are valid and the account status is Active, the system shall authenticate the user and grant access to the platform.
## 1.2.5. If the provided credentials are invalid, the system shall deny access and display an appropriate error message.
## 1.2.6. The system shall deny authentication if the account status is not Active, including but not limited to Pending, Suspended, or Deleted statuses.
## 1.2.7. Upon successful authentication, the system shall create an authenticated session associated with the user.
## 1.2.8. The system shall maintain the authenticated sess

[28] source=56489466fbfffbaa type=SrcChunk hops=0 score=0.6705 chunk=56489466fbfffbaa doc=JIRA-Auth.md rel=VECTOR_SIMILARITY
The system shall not allow authentication or platform access for accounts that are not in Active status (e.g., Pending, Suspended, Deleted)."",
    ""comments"": []
  },
  {
    ""ticket_id"": ""JIRA-Auth-110"",
    ""summary"": ""Activation token - Enforce single-use"",
    ""description"": ""Activation tokens shall be single-use. After a successful activation, the system shall invalidate the activation token immediately to prevent reuse."",
    ""comments"": []
  },
  {
    ""ticket_id"": ""JIRA-Auth-111"",
    ""summary"": ""Support registration for multiple users sharing the same email address"",
    ""description"": ""In some use cases (e.g. family accounts or shared organizational email addresses), multiple users may attempt to register using the same email address. Instead of enforcing strict email uniqueness, we may allow multiple accountsto share the same email if another identifier (such as phone number) is unique. This would require adjusting the registration validation logic."",
    ""comments"": [
      {
        ""author"": ""QA Engineer Marta"",
        ""timestamp"": ""2026-02-16T10:41:00Z"",
        ""text"": ""This contradicts the SRS requirement that email must be unique. Please confirm expected behavior

[29] source=d1f9814887e95dcd type=SrcChunk hops=0 score=0.6699 chunk=d1f9814887e95dcd doc=JIRA-Auth.md rel=VECTOR_SIMILARITY
n - Send confirmation email with activation link"",
    ""description"": ""After successful registration, the system shall send an account activation email to the provided email address. The email shall contain a unique activation link."",
    ""comments"": [
      {
        ""author"": ""Security Engineer Viktor"",
        ""timestamp"": ""2026-02-15T13:40:00Z"",
        ""text"": ""Activation tokens must be cryptographically secure and time-limited. If stored, store hashed tokens.""
      }
    ]
  },
  {
    ""ticket_id"": ""JIRA-Auth-106"",
    ""summary"": ""Activation - Validate activation link and activate account"",
    ""description"": ""Implement activation flow. The system shall validate the activation link/token. If valid, the system shall update the account status from Pending to Active and allow platform access."",
    ""comments"": []
  },
  {
    ""ticket_id"": ""JIRA-Auth-107"",
    ""summary"": ""Activation - Reject invalid or expired tokens"",
    ""description"": ""The system shall reject activation requests that use invalid or expired activation tokens and show an appropriate error state."",
    ""comments"": []
  },
  {
  ""ticket_id"": ""JIRA-Auth-108"",
  ""summary"": ""Registration - Security hardening: Preven

[30] source=cb19aeaad55d5a74 type=SrcChunk hops=0 score=0.6644 chunk=cb19aeaad55d5a74 doc=JIRA-Rewards.md rel=VECTOR_SIMILARITY
[
  {
    ""ticket_id"": ""JIRA-REW-901"",
    ""summary"": ""Loyalty Points Accrual Logic"",
    ""description"": ""Implement loyalty point accrual for completed and successfully settled rental activity, and ensure awarded points are applied to the user account according to the configurable reward policy."",
    ""status"": ""In Progress"",
    ""comments"": [
      {
        ""author"": ""Developer Dave"",
        ""timestamp"": ""2026-03-15T10:00:00Z"",
        ""text"": ""Implementation note: the specification refers to configurable business rules for point awards, but the exact reward formula is not yet finalized. I need confirmation on whether beta should use a temporary default rule or wait for the configurable policy source.""
      }
    ]
  },
  {
    ""ticket_id"": ""JIRA-REW-902"",
    ""summary"": ""Points Redemption and Discount Handling"",
    ""description"": ""Allow loyalty point redemption during billing, validate that the user has sufficient balance, and ensure redemption is recorded consistently together with the related financial outcome."",
    ""status"": ""To Do""
  },
  {
    ""ticket_id"": ""JIRA-REW-903"",
    ""summary"": ""Loyalty Tier Automation"",
    ""description"": ""Implement configurable loyalty tier a

[31] source=22d80e39745d1186 type=SrcChunk hops=0 score=0.6637 chunk=22d80e39745d1186 doc=JIRA-Reporting.md rel=VECTOR_SIMILARITY
 truth to avoid mismatches between invoices and exported summaries.""
      }
    ]
  },
  {
    ""ticket_id"": ""JIRA-REP-703"",
    ""summary"": ""User Activity and Audit Logging"",
    ""description"": ""Implement user activity reporting and audit logging for critical system events, while preserving traceability and staying aligned with privacy constraints around what user-related data may appear in logs and operational views."",
    ""status"": ""In Progress"",
    ""comments"": [
      {
        ""author"": ""Developer Dave"",
        ""timestamp"": ""2026-03-07T08:30:00Z"",
        ""text"": ""Privacy note: the specification expects user-linked auditability, but the current compliance direction discourages exposing directly identifiable personal details in raw logs. I need confirmation on whether administrators should read these records through a controlled lookup layer rather than from the stored log entries alone.""
      }
    ]
  },
  {
    ""ticket_id"": ""JIRA-REP-704"",
    ""summary"": ""Audit Log Integrity"",
    ""description"": ""Ensure audit entries remain protected against unauthorized change or removal, and that the storage approach supports the integrity guarantees defined in the reporting and audit sp

[32] source=1d3d27d1a24b72f0 type=SrcChunk hops=0 score=0.6614 chunk=1d3d27d1a24b72f0 doc=JIRA-Auth.md rel=VECTOR_SIMILARITY
that use invalid or expired activation tokens and show an appropriate error state."",
    ""comments"": []
  },
  {
  ""ticket_id"": ""JIRA-Auth-108"",
  ""summary"": ""Registration - Security hardening: Prevent email enumeration"",
  ""description"": ""To prevent attackers from discovering registered users, the registration flow must use generic responses. \n\nRequirement:\nIf a user tries to register with an email address that is already in use, the system MUST NOT display an error message stating 'Email already exists'. \nInstead, it should display a generic message: 'If this email is valid, a message has been sent to it.'"",
  ""comments"": [
    {
      ""author"": ""Security Engineer Viktor"",
      ""timestamp"": ""2026-02-16T10:00:00Z"",
      ""text"": ""This is critical for OWA (OWASP) compliance. We cannot leak user existence through the registration form.""
    }
  ]
},
  {
    ""ticket_id"": ""JIRA-Auth-109"",
    ""summary"": ""Authentication gate - Block login for non-Active accounts"",
    ""description"": ""The system shall not allow authentication or platform access for accounts that are not in Active status (e.g., Pending, Suspended, Deleted)."",
    ""comments"": []
  },
  {
    ""ticket_id"": ""JIRA-Auth-1

[33] source=8f047482d7206346 type=SrcChunk hops=0 score=0.6589 chunk=8f047482d7206346 doc=JIRA-Availability.md rel=VECTOR_SIMILARITY
op the endpoint for checking whether an item can be rented within a requested period, ensuring the response reflects the latest rental and item-state information at query time."",
    ""status"": ""In Progress"",
    ""comments"": [
      {
        ""author"": ""QA Marta"",
        ""timestamp"": ""2026-02-23T11:00:00Z"",
        ""text"": ""Found an ambiguity in query results after the recent item-management changes. Records that are no longer operationally valid are being surfaced through the same availability wording used for temporarily blocked items, which may mislead users about whether the item is recoverable or simply not rentable at the moment.""
      }
    ]
  },
  {
    ""ticket_id"": ""JIRA-AVAIL-403"",
    ""summary"": ""Manual Availability Restrictions"",
    ""description"": ""Allow authorized users to define manual non-rentable periods and ensure those restrictions take precedence over otherwise rentable time windows."",
    ""status"": ""To Do""
  },
  {
    ""ticket_id"": ""JIRA-AVAIL-404"",
    ""summary"": ""Maintenance Period Management"",
    ""description"": ""Implement maintenance windows for items, ensure those periods block rental activity, and make the item appear non-rentable while the maintenance 

[34] source=39e8811963c4099a type=SrcChunk hops=0 score=0.6505 chunk=39e8811963c4099a doc=TOOLCHAIN-CONF-RENT-01.md rel=VECTOR_SIMILARITY
Approved status.

## 2.5 Rent Completion
## 2.5.1 The system shall update the rent status to Completed when the rental end date is reached.
## 2.5.2 The system shall allow authorized users to manually complete a rent.
## 2.5.3 The system shall prevent completion of rent records that are not in Active status.

## 2.6 Rent Cancellation
## 2.6.1 The system shall allow users to cancel rent records that are in Requested status.
## 2.6.2 The system shall allow authorized users to cancel rent records that are in Approved or Active status.
## 2.6.3 The system shall update the rent status to Cancelled when a rent is cancelled.
## 2.6.4 The system shall prevent cancellation of rent records that are already Completed or Cancelled.

## 2.7 Rent Modification Rules
## 2.7.1 The system shall allow modification of rent records only when the rent status is Requested.
## 2.7.2 The system shall prevent modification of rent records that are in Approved, Active, Completed, Rejected, or Cancelled status, unless explicitly permitted.
## 2.7.3 The system shall validate all changes before saving modifications.

## 2.8 Rent History and Audit
## 2.8.1 The system shall maintain the full lifecycle history of e

[35] source=c9549ababe52be5f type=SrcChunk hops=0 score=0.6472 chunk=c9549ababe52be5f doc=EMAIL_DATA_Internal_Audit_Discrepancy.txt rel=VECTOR_SIMILARITY
From: internal_audit@toolchain.com
Date: 2026-03-08 14:00
Subject: Review findings on reporting consistency

Hi Dev Team,

During our recent reporting review, we found several consistency issues that need clarification before the reporting package can be considered reliable for audit use.

First, the financial outputs do not appear to align cleanly across all billing contexts. In some cases, the figures shown in reports, exported files, and billing records seem to reflect different presentation or calculation assumptions.

Second, the activity and audit views currently favor a privacy-preserving identifier style that makes operational review harder for non-technical auditors. We need to confirm whether this is the intended audit model, or whether authorized reviewers should have access to a controlled identity-resolution path.

Third, exported reporting artifacts do not always appear to match the same underlying interpretation used elsewhere in the platform, which raises a broader question about which data representation should be treated as authoritative for audit purposes.

Please review and confirm the intended source-of-truth model for report generation, export, and audit visib

[36] source=66d61fc1f995d676 type=SrcChunk hops=0 score=0.7355 chunk=66d61fc1f995d676 doc=JIRA-Auth.md rel=VECTOR_SIMILARITY
 {
        ""author"": ""QA Engineer Marta"",
        ""timestamp"": ""2026-02-16T10:41:00Z"",
        ""text"": ""This contradicts the SRS requirement that email must be unique. Please confirm expected behavior.""
      }
    ]
  },
  {
  ""ticket_id"": ""JIRA-Auth-112"",
  ""summary"": ""Registration - Auto-cleanup for unactivated accounts and Data Retention"",
  ""description"": ""To comply with data minimization principles, the system shall automatically delete any user account that remains in 'Pending' status for more than 30 days. All associated personal data must be removed, except for minimal audit logs required by the retention policy."",
  ""comments"": [
    {
      ""author"": ""PM Peter"",
      ""timestamp"": ""2026-02-16T12:05:00Z"",
      ""text"": ""This is an enhancement beyond the initial SRS but aligns with GDPR data minimization.""
    },
    {
      ""author"": ""QA Engineer Marta"",
      ""timestamp"": ""2026-02-16T13:45:00Z"",
      ""text"": ""Logic Gap: If we delete the account after 30 days, what happens to the activation link sent in CONF-AUTH-01 1.5? The link has no expiry in the docs. We need to ensure the link doesn't trigger a 500 error on a non-existent account.""
    },
    {
      ""author"": ""Sec

[37] source=2fb79f7446b24909 type=SrcChunk hops=0 score=0.7124 chunk=2fb79f7446b24909 doc=JIRA-Auth.md rel=VECTOR_SIMILARITY
o the activation link sent in CONF-AUTH-01 1.5? The link has no expiry in the docs. We need to ensure the link doesn't trigger a 500 error on a non-existent account.""
    },
    {
      ""author"": ""Security Engineer Viktor"",
      ""timestamp"": ""2026-02-17T10:10:00Z"",
      ""text"": ""Clarification Needed: When a user manually requests account deletion, should it be immediate, or do we provide a 14-day 'grace period' for recovery before the permanent wipe?""
    }
  ]
},
  {
    ""ticket_id"": ""JIRA-Auth-113"",
    ""summary"": ""Registration - Password policy enforcement"",
    ""description"": ""Enforce password policy rules during registration and prevent weak passwords."",
    ""comments"": [
      {
        ""author"": ""Security Engineer Viktor"",
        ""timestamp"": ""2026-02-16T13:12:00Z"",
        ""text"": ""Missing details: minimum length, complexity requirements, common password blacklist, and whether passphrases are allowed.""
      }
    ],
    ""attachments"": [""EMAIL_CTO_Security_Update.txt""]
  },
{
  ""ticket_id"": ""JIRA-Auth-114"",
  ""summary"": ""Allow registration without phone number"",
  ""description"": ""Some users are reluctant to provide their phone number during registration. Consider making 

[38] source=854f7de27dc6118d type=SrcChunk hops=0 score=0.6732 chunk=854f7de27dc6118d doc=JIRA-Payment.md rel=VECTOR_SIMILARITY
.""
      }
    ]
  },
  {
    ""ticket_id"": ""JIRA-PAY-603"",
    ""summary"": ""Invoice Generation Engine"",
    ""description"": ""Generate invoices for billable rental outcomes, assign stable invoice identifiers, and store the invoice content together with the relevant rental and pricing details."",
    ""status"": ""To Do""
  },
  {
    ""ticket_id"": ""JIRA-PAY-604"",
    ""summary"": ""Payment Processing Integration"",
    ""description"": ""Implement payment handling, including payment-state tracking and linkage between payment, invoice, and rental records. Clarify how unsuccessful payment outcomes should affect downstream rental and availability behavior."",
    ""status"": ""In Progress"",
    ""comments"": [
      {
        ""author"": ""Tomas"",
        ""timestamp"": ""2026-03-02T09:00:00Z"",
        ""text"": ""There is a cross-module ambiguity here: when a payment attempt does not complete successfully, I do not yet know whether the related rental should remain operationally blocked, return to normal availability, or wait for a separate business decision.""
      }
    ]
  },
  {
    ""ticket_id"": ""JIRA-PAY-605"",
    ""summary"": ""Duplicate Payment Prevention"",
    ""description"": ""Implement idempotent payment prote

[39] source=dbdfe9579474ba43 type=SrcChunk hops=0 score=0.6702 chunk=dbdfe9579474ba43 doc=JIRA-Auth.md rel=VECTOR_SIMILARITY
be validated during registration?""
    },
    {
      ""author"": ""Developer Dave"",
      ""timestamp"": ""2026-02-15T11:05:00Z"",
      ""text"": ""Yes, we will accept common separators and normalize phone numbers to E.164 format.""
    },
    {
      ""author"": ""Backend Engineer Tomas"",
      ""timestamp"": ""2026-02-15T11:42:00Z"",
      ""text"": ""Yes, email format must be validated. The email must follow standard format: local-part@domain. The local part may contain letters, numbers, dots, hyphens, and underscores. The domain must contain at least one dot and valid domain name characters. Example of valid format: user.name@example.com""
    }
  ]
},
  {
    ""ticket_id"": ""JIRA-Auth-104"",
    ""summary"": ""Registration - Create Pending account after successful submission"",
    ""description"": ""Upon successful submission of the registration form, the system shall create a new user account with status set to Pending."",
    ""comments"": []
  },
  {
    ""ticket_id"": ""JIRA-Auth-105"",
    ""summary"": ""Activation - Send confirmation email with activation link"",
    ""description"": ""After successful registration, the system shall send an account activation email to the provided email address. The email shall c

[40] source=0374b1fefbab130e type=SrcChunk hops=0 score=0.6610 chunk=0374b1fefbab130e doc=JIRA-Payment.md rel=VECTOR_SIMILARITY
PAY-608"",
    ""summary"": ""Billing Access Control"",
    ""description"": ""Implement access control rules for billing records so users can view only their own financial history while authorized roles can review broader payment and invoice data."",
    ""status"": ""Closed""
  }
]

[41] source=7306d641eb9b0bb2 type=SrcChunk hops=0 score=0.6546 chunk=7306d641eb9b0bb2 doc=EMAIL_FINANCE_MultiCurrency_HACK.txt rel=VECTOR_SIMILARITY
cial records.

Best,
Finance Dept.

[42] source=2f105702c1c1c3f3 type=SrcChunk hops=0 score=0.6532 chunk=2f105702c1c1c3f3 doc=JIRA-Auth.md rel=VECTOR_SIMILARITY
t: Clear error messages"",
  ""description"": ""Our support team reports that users are confused by generic messages. We need to provide clear, actionable feedback during registration.\n\nRequirement:\nIf an email address is already registered, the system should clearly state: 'This email address is already registered. Please log in or reset your password.'"",
  ""comments"": [
    {
      ""author"": ""UX Writer Nora"",
      ""timestamp"": ""2026-02-17T09:30:00Z"",
      ""text"": ""Generic messages lead to high drop-off rates. Users think the system is broken if they don't get a specific reason for failure.""
    }
  ]
},
{
  ""ticket_id"": ""JIRA-Auth-116"",
  ""summary"": ""Initial login implementation without MFA"",
  ""description"": ""The first implementation of the login endpoint will support email and password authentication only. Multi-factor authentication (MFA) is part of the security roadmap, but will not be implemented in this sprint. Future iterations should extend the authentication flow to support a second factor when enabled."",
  ""comments"": [
    {
      ""author"": ""Developer Dave"",
      ""timestamp"": ""2026-02-18T10:00:00Z"",
      ""text"": ""Login logic is ready. MFA is not part of this sprint,

[43] source=e6fe5b64787f87a6 type=SrcChunk hops=0 score=0.6528 chunk=e6fe5b64787f87a6 doc=TOOLCHAIN-CONF-REWARDS&PANELTIES-01.md rel=VECTOR_SIMILARITY
ll allow users to submit disputes for penalties.
## 9.6.2 The system shall store dispute status including Open, Under Review, Approved, and Rejected.
## 9.6.3 The system shall allow authorized users to resolve disputes.
## 9.6.4 The system shall update penalty records based on dispute outcome.

## 9.7 Adjustment Integrity and Audit
## 9.7.1 The system shall log loyalty and penalty transactions.
## 9.7.2 The system shall store timestamp, user identifier, and adjustment details.
## 9.7.3 The system shall prevent unauthorized modification of loyalty or penalty records.
## 9.7.4 The system shall maintain complete adjustment history.

[44] source=1da852dd7949b438 type=SrcChunk hops=0 score=0.6505 chunk=1da852dd7949b438 doc=TOOLCHAIN-CONF-REPORTING-01.md rel=VECTOR_SIMILARITY
 users to generate reports of user activity.
## 7.3.2 The system shall include rent creation, modification, cancellation, and payment activity in user reports.
## 7.3.3 The system shall allow filtering user activity reports by user identifier.

## 7.4 Audit Logging
## 7.4.1 The system shall record audit logs for critical system events.
## 7.4.2 The system shall log rent lifecycle events.
## 7.4.3 The system shall log item management events.
## 7.4.4 The system shall log payment and billing events.
## 7.4.5 The system shall log authentication and authorization events.

## 7.5 Audit Log Content
## 7.5.1 The system shall include timestamp in audit log entries.
## 7.5.2 The system shall include user identifier in audit log entries.
## 7.5.3 The system shall include event type in audit log entries.
## 7.5.4 The system shall include event outcome in audit log entries.

## 7.6 Audit Log Integrity
## 7.6.1 The system shall ensure audit logs cannot be modified.
## 7.6.2 The system shall ensure audit logs cannot be deleted by unauthorized users.
## 7.6.3 The system shall ensure audit logs are securely stored.

## 7.7 Report Export
## 7.7.1 The system shall allow authorized users to export re

[45] source=beb42617cfc95144 type=SrcChunk hops=0 score=0.6476 chunk=beb42617cfc95144 doc=JIRA-Delivery-Control.md rel=VECTOR_SIMILARITY
arta"",
        ""timestamp"": ""2026-03-10T11:30:00Z"",
        ""text"": ""Please confirm how unsupported edge windows should appear in the user flow. There is a difference between a slot that is structurally outside delivery hours and one that is technically valid but already unavailable.""
      }
    ]
  },
  {
    ""ticket_id"": ""JIRA-DEL-803"",
    ""summary"": ""Delivery Status Lifecycle"",
    ""description"": ""Implement the delivery lifecycle flow and ensure the system can track operational delivery progress while keeping users informed when delivery state changes occur."",
    ""status"": ""Closed"",
    ""comments"": [
      {
        ""author"": ""Backend Engineer Tomas"",
        ""timestamp"": ""2026-03-11T09:20:00Z"",
        ""text"": ""The operational status progression is implemented, but we should confirm whether all internal delivery transitions are meant to be exposed directly to users or whether some should remain back-office only.""
      }
    ]
  },
  {
    ""ticket_id"": ""JIRA-DEL-804"",
    ""summary"": ""Delivery Fee Calculation"",
    ""description"": ""Implement delivery fee calculation according to the configured logistics rules and ensure applicable delivery charges flow into billing in a consis

[46] source=1531165a3c8df366 type=SrcChunk hops=0 score=0.6458 chunk=1531165a3c8df366 doc=JIRA-Notifications.md rel=VECTOR_SIMILARITY
imestamp"": ""2026-02-25T14:00:00Z"",
        ""text"": ""Please confirm which identifier wording should appear in outbound messages. The specification and the warehouse-facing screens do not use exactly the same term, and I want to avoid sending emails that confuse end users.""
      }
    ]
  },
  {
    ""ticket_id"": ""JIRA-NOTIF-506"",
    ""summary"": ""User Notification Preferences"",
    ""description"": ""Allow users to manage notification preferences by category, while clarifying whether any event classes are considered business-critical and therefore not fully optional."",
    ""status"": ""In Progress"",
    ""comments"": [
      {
        ""author"": ""Developer Dave"",
        ""timestamp"": ""2026-02-26T10:00:00Z"",
        ""text"": ""There is a policy ambiguity here: product preference settings suggest broad user control, but management feedback indicates that some approval-related messages may need to remain non-optional. I need confirmation before deciding whether these events should bypass normal preference filtering.""
      }
    ]
  },
  {
    ""ticket_id"": ""JIRA-NOTIF-507"",
    ""summary"": ""Notification Event Logging"",
    ""description"": ""Log notification generation and delivery outcomes so author

[47] source=9694bf5bcf380db0 type=SrcChunk hops=0 score=0.6869 chunk=9694bf5bcf380db0 doc=JIRA-Payment.md rel=VECTOR_SIMILARITY
or wait for a separate business decision.""
      }
    ]
  },
  {
    ""ticket_id"": ""JIRA-PAY-605"",
    ""summary"": ""Duplicate Payment Prevention"",
    ""description"": ""Implement idempotent payment protection so the same invoice cannot be settled multiple times through repeated requests or retries."",
    ""status"": ""To Do""
  },
  {
    ""ticket_id"": ""JIRA-PAY-606"",
    ""summary"": ""Refund Management Logic"",
    ""description"": ""Support authorized refund handling while preserving traceability to the original payment and ensuring the refunded amount remains within the permitted financial boundary."",
    ""status"": ""To Do""
  },
  {
    ""ticket_id"": ""JIRA-PAY-607"",
    ""summary"": ""Billing History and Immutability"",
    ""description"": ""Implement billing history access and preserve the immutability expectations of completed financial records so users and administrators can review prior invoices and payments without altering finalized outcomes."",
    ""status"": ""To Do""
  },
  {
    ""ticket_id"": ""JIRA-PAY-608"",
    ""summary"": ""Billing Access Control"",
    ""description"": ""Implement access control rules for billing records so users can view only their own financial history while authorized roles can ","Generated 10 executable Gherkin tests for R6 (Pending-account cleanup). Tests cover the core requirement of automatic deletion of Pending accounts after 30 days, account lifecycle transitions, data removal compliance, and exception scenarios around manual deletion grace periods and activation link behavior post-cleanup. Tests are grounded in operative context from PRIMARY evidence E1 and E4, with supporting lifecycle context from E2, E5, E15, E20, and known issue references E13, E14.",System shall automatically delete any user account that remains in Pending status for more than 30 days || ystem shall set the account status to Pending upon successful registration and before email verification. || Account status changes take effect immediately,Manual account deletion may require a 14-day grace period for recovery before permanent wipe (unconfirmed) || Activation links have no documented expiry and may trigger errors on non-existent accounts after cleanup,,,E1|E2|E4|E5|E13|E14|E15|E20,"R6 targets pending-account cleanup. PRIMARY evidence E1 and E4 establish the core requirement: automatic deletion of Pending accounts after 30 days with removal of associated personal data except audit logs (GDPR data minimization). E2, E5, E15, E20 provide account lifecycle context showing Pending status is set upon registration and blocks authentication. E13 and E14 identify the activation expiry/pending cleanup gap as a known issue. E4 raises unresolved questions about manual deletion grace periods and activation link behavior post-cleanup. The 30-day automatic cleanup rule is clearly stated in PRIMARY evidence and should be operative. However, the interaction with activation links (no expiry documented) and manual deletion procedures (grace period unconfirmed) remain gaps that affect test design. Filtered abstract or low-relevance operative statements: All associated personal data must be removed upon automatic deletion, except for minimal audit logs required by retention policy | Pending accounts are created upon successful registration before email verification | Pending accounts cannot authenticate or access the platform",1,0,0,0
1cb52207,R6,hybrid,full,anthropic,claude-haiku-4-5-20251001,2,2026-07-03.v3,R6_9,Cleanup job processes multiple Pending accounts,"Feature: Batch Cleanup Processing
  Scenario: Cleanup job processes multiple eligible Pending accounts
    Given multiple user accounts are in Pending status
    And each account was created more than 30 days ago
    When the cleanup job runs
    Then all eligible accounts should be deleted
    And all associated personal data should be removed for each account",Extends the core requirement to batch processing scenarios. The cleanup system should handle multiple accounts efficiently in a single job execution.,E1|E4,"System shall automatically delete any user account that remains in Pending status for more than 30 days|All associated personal data must be removed upon automatic deletion, except for minimal audit logs required by retention policy",0013387e34dddff9|0374b1fefbab130e|1531165a3c8df366|1d3d27d1a24b72f0|1da852dd7949b438|22d80e39745d1186|2b468c2425caf512|2f105702c1c1c3f3|2fb79f7446b24909|39e8811963c4099a|44723706e3ff4356|56489466fbfffbaa|66d61fc1f995d676|69182d61c773aadd|6c5380267c218234|7306d641eb9b0bb2|854f7de27dc6118d|8f047482d7206346|8f9c14a11698d93e|9437222564f7ac64|9694bf5bcf380db0|9978dc0dcd43a512|A44|A5|A8|C1|G1|G63|G93c|I3|I4|R6|a4a287abb143e79a|beb42617cfc95144|c9549ababe52be5f|cb19aeaad55d5a74|d1f9814887e95dcd|dbdfe9579474ba43|e633209b9a702ede|e6716dab172b3183|e6fe5b64787f87a6|ebea956274025791|f5347fc41dbe1de1,Pending-account cleanup,Pending-account cleanup,"[1] source=R6 type=Requirement/SrcChunk hops=0 chunk=66d61fc1f995d676 doc=JIRA-Auth.md rel=TARGET
 {
        ""author"": ""QA Engineer Marta"",
        ""timestamp"": ""2026-02-16T10:41:00Z"",
        ""text"": ""This contradicts the SRS requirement that email must be unique. Please confirm expected behavior.""
      }
    ]
  },
  {
  ""ticket_id"": ""JIRA-Auth-112"",
  ""summary"": ""Registration - Auto-cleanup for unactivated accounts and Data Retention"",
  ""description"": ""To comply with data minimization principles, the system shall automatically delete any user account that remains in 'Pending' status for more than 30 days. All associated personal data must be removed, except for minimal audit logs required by the retention policy."",
  ""comments"": [
    {
      ""author"": ""PM Peter"",
      ""timestamp"": ""2026-02-16T12:05:00Z"",
      ""text"": ""This is an enhancement beyond the initial SRS but aligns with GDPR data minimization.""
    },
    {
      ""author"": ""QA Engineer Marta"",
      ""timestamp"": ""2026-02-16T13:45:00Z"",
      ""text"": ""Logic Gap: If we delete the account after 30 days, what happens to the activation link sent in CONF-AUTH-01 1.5? The link has no expiry in the docs. We need to ensure the link doesn't trigger a 500 error on a non-existent account.""
    },
    {
      ""author"": ""Sec

[2] source=R6 type=Requirement/SrcChunk hops=0 chunk=2b468c2425caf512 doc=CONF-AUTH-01.md rel=TARGET
ystem shall set the account status to Pending upon successful registration and before email verification.
## 1.4.4 The system shall set the account status to Active after successful email verification.
## 1.4.5 The system shall allow the system administrator to change the account status to Suspended.
## 1.4.6 The system shall prevent Suspended accounts from authenticating and accessing the platform.
## 1.4.7 The system shall allow the system administrator to reactivate Suspended accounts by setting the status to Active.
## 1.4.8 The system shall allow the system administrator to set the account status to Deleted.
## 1.4.9 The system shall prevent Deleted accounts from authenticating and accessing the platform.
## 1.4.10 The system shall retain account data for Deleted accounts according to the data retention policy.
## 1.4.11 The system shall ensure that account status changes take effect immediately.

## 1.5. Session Management
## 1.5.1 The system shall create an authenticated session upon successful user authentication.
## 1.5.2 The system shall associate each session with a specific user account.
## 1.5.3 The system shall allow authenticated users to access protected resources o

[3] source=R6 type=Requirement hops=0 rel=TARGET
Pending-account cleanup

[4] source=R6 type=Requirement/SrcChunk hops=0 chunk=2fb79f7446b24909 doc=JIRA-Auth.md rel=TARGET
o the activation link sent in CONF-AUTH-01 1.5? The link has no expiry in the docs. We need to ensure the link doesn't trigger a 500 error on a non-existent account.""
    },
    {
      ""author"": ""Security Engineer Viktor"",
      ""timestamp"": ""2026-02-17T10:10:00Z"",
      ""text"": ""Clarification Needed: When a user manually requests account deletion, should it be immediate, or do we provide a 14-day 'grace period' for recovery before the permanent wipe?""
    }
  ]
},
  {
    ""ticket_id"": ""JIRA-Auth-113"",
    ""summary"": ""Registration - Password policy enforcement"",
    ""description"": ""Enforce password policy rules during registration and prevent weak passwords."",
    ""comments"": [
      {
        ""author"": ""Security Engineer Viktor"",
        ""timestamp"": ""2026-02-16T13:12:00Z"",
        ""text"": ""Missing details: minimum length, complexity requirements, common password blacklist, and whether passphrases are allowed.""
      }
    ],
    ""attachments"": [""EMAIL_CTO_Security_Update.txt""]
  },
{
  ""ticket_id"": ""JIRA-Auth-114"",
  ""summary"": ""Allow registration without phone number"",
  ""description"": ""Some users are reluctant to provide their phone number during registration. Consider making 

[5] source=I4 type=Implementation/SrcChunk hops=1 chunk=8f9c14a11698d93e doc=CONF-AUTH-01.md rel=REFINES
# Documentum ID: TOOLCHAIN-CONF-AUTH-01
# Description: User account registration and lifecycle management
# Status: Effective (v1.0)

## 1 User account registration and lifecycle management

## 1.1 User registration and account activation
## 1.1.1 The user must register in order to access the platform.
## 1.1.2. During registration, the system shall require the user to provide the following mandatory information: first name, last name, phone number, email address
## 1.1.3. The system shall validate that the provided email address is unique and not already associated with an existing account.
## 1.1.4. Upon successful submission of the registration form, the system shall create a new user account with a status of Pending.
## 1.1.5. The system shall send an account activation email to the provided email address containing a unique activation link.
## 1.1.6. The user must activate their account by accessing the activation link.
## 1.1.7. The system shall verify the validity of the activation link.
## 1.1.8. Upon successful activation, the system shall update the account status to Active.
## 1.1.9. The system shall not allow authentication or platform access for accounts that are not i

[6] source=G63 type=Gap/SrcChunk hops=2 chunk=cc00a9173697dc7d doc=JIRA-Payment.md rel=IN_DOC > IN_DOC
[
  {
    ""ticket_id"": ""JIRA-PAY-601"",
    ""summary"": ""Pricing Configuration Service"",
    ""description"": ""Implement the pricing configuration layer so authorized users can define rental pricing structures and apply them consistently to rentable items without retroactively changing already established rental records."",
    ""status"": ""Closed""
  },
  {
    ""ticket_id"": ""JIRA-PAY-602"",
    ""summary"": ""Price Calculation and Precision"",
    ""description"": ""Implement rental cost calculation based on duration and pricing rules, and make sure the resulting amount is derived consistently across calculation, storage, and user-facing display. International billing and currency presentation should be treated as a related operational concern, but must not silently override the core pricing logic."",
    ""status"": ""In Progress"",
    ""comments"": [
      {
        ""author"": ""Developer Dave"",
        ""timestamp"": ""2026-03-01T10:00:00Z"",
        ""text"": ""The current specification defines correctness expectations for the total, but it does not fully spell out how edge-case fractions should be handled at each calculation stage. I started with a simplified approach for partial-unit handling, but this ne

[7] source=G1 type=Gap/SrcChunk hops=1 chunk=1d3d27d1a24b72f0 doc=JIRA-Auth.md rel=AFFECTS
that use invalid or expired activation tokens and show an appropriate error state."",
    ""comments"": []
  },
  {
  ""ticket_id"": ""JIRA-Auth-108"",
  ""summary"": ""Registration - Security hardening: Prevent email enumeration"",
  ""description"": ""To prevent attackers from discovering registered users, the registration flow must use generic responses. \n\nRequirement:\nIf a user tries to register with an email address that is already in use, the system MUST NOT display an error message stating 'Email already exists'. \nInstead, it should display a generic message: 'If this email is valid, a message has been sent to it.'"",
  ""comments"": [
    {
      ""author"": ""Security Engineer Viktor"",
      ""timestamp"": ""2026-02-16T10:00:00Z"",
      ""text"": ""This is critical for OWA (OWASP) compliance. We cannot leak user existence through the registration form.""
    }
  ]
},
  {
    ""ticket_id"": ""JIRA-Auth-109"",
    ""summary"": ""Authentication gate - Block login for non-Active accounts"",
    ""description"": ""The system shall not allow authentication or platform access for accounts that are not in Active status (e.g., Pending, Suspended, Deleted)."",
    ""comments"": []
  },
  {
    ""ticket_id"": ""JIRA-Auth-1

[8] source=G1 type=Gap hops=1 rel=AFFECTS
Activation expiry / pending cleanup gap

[9] source=I3 type=Implementation/SrcChunk hops=2 chunk=56489466fbfffbaa doc=JIRA-Auth.md rel=IN_DOC > IN_DOC
The system shall not allow authentication or platform access for accounts that are not in Active status (e.g., Pending, Suspended, Deleted)."",
    ""comments"": []
  },
  {
    ""ticket_id"": ""JIRA-Auth-110"",
    ""summary"": ""Activation token - Enforce single-use"",
    ""description"": ""Activation tokens shall be single-use. After a successful activation, the system shall invalidate the activation token immediately to prevent reuse."",
    ""comments"": []
  },
  {
    ""ticket_id"": ""JIRA-Auth-111"",
    ""summary"": ""Support registration for multiple users sharing the same email address"",
    ""description"": ""In some use cases (e.g. family accounts or shared organizational email addresses), multiple users may attempt to register using the same email address. Instead of enforcing strict email uniqueness, we may allow multiple accountsto share the same email if another identifier (such as phone number) is unique. This would require adjusting the registration validation logic."",
    ""comments"": [
      {
        ""author"": ""QA Engineer Marta"",
        ""timestamp"": ""2026-02-16T10:41:00Z"",
        ""text"": ""This contradicts the SRS requirement that email must be unique. Please confirm expected behavior

[10] source=G93c type=Gap/SrcChunk hops=2 chunk=ebea956274025791 doc=JIRA-Payment.md rel=IN_DOC > IN_DOC
ctations for the total, but it does not fully spell out how edge-case fractions should be handled at each calculation stage. I started with a simplified approach for partial-unit handling, but this needs confirmation before we freeze the behavior.""
      },
      {
        ""author"": ""QA Marta"",
        ""timestamp"": ""2026-03-01T14:00:00Z"",
        ""text"": ""Please verify the consistency of subtotal, tax, and final amount handling. A display-friendly simplification in one layer can still produce visible mismatches later if the stored and presented totals are derived differently.""
      },
      {
        ""author"": ""Developer Dave"",
        ""timestamp"": ""2026-03-04T15:00:00Z"",
        ""text"": ""UI note: finance asked for cleaner presentation in one of the pilot currency scenarios, so I explored a more compact display format there while keeping more precise values in the underlying records. We need confirmation that the user-facing total must always match the persisted billing amount exactly.""
      }
    ]
  },
  {
    ""ticket_id"": ""JIRA-PAY-603"",
    ""summary"": ""Invoice Generation Engine"",
    ""description"": ""Generate invoices for billable rental outcomes, assign stable invoice identif

[11] source=C1 type=Communication/SrcChunk hops=2 chunk=6bb3b84e337f31dc doc=JIRA-Auth.md rel=IN_DOC > IN_DOC
nd whether hyphens/accents are allowed in names.""
      },
      {
        ""author"": ""Developer Dave"",
        ""timestamp"": ""2026-02-15T14:38:00Z"",
        ""text"": ""Leading/trailing spaces will be trimmed. Hyphens and accents are allowed.""
      },
      {
        ""author"": ""QA Engineer Marta"",
        ""timestamp"": ""2026-02-16T07:16:00Z"",
        ""text"": ""Will first and last names be entered in separate fields? Will we support a middle name?""
      },
      {
        ""author"": ""PM Peter"",
        ""timestamp"": ""2026-02-16T12:58:00Z"",
        ""text"": ""First and last name are separate fields. Middle name is optional.""
      },
      {
        ""author"": ""QA Engineer Marta"",
        ""timestamp"": ""2026-02-16T16:43:00Z"",
        ""text"": ""Do we support double surnames or special characters (e.g. apostrophe in O'Connor)?""
      }
    ],
	""attachments"": [""EMAIL_LEGAL_GDPR_Compliance.txt""]
  },
  {
    ""ticket_id"": ""JIRA-Auth-102"",
    ""summary"": ""Registration - Email uniqueness validation"",
    ""description"": ""Validate that the email address provided during registration is unique and not already associated with an existing account. Uniqueness validation shall be case-insensitive."",
    ""comm

[12] source=A5 type=Actor/SrcChunk hops=2 chunk=b046296a3e9c6aab doc=JIRA-Auth.md rel=IN_DOC > IN_DOC
""description"": ""Validate that the email address provided during registration is unique and not already associated with an existing account. Uniqueness validation shall be case-insensitive."",
    ""comments"": [
      {
        ""author"": ""QA Engineer Marta"",
        ""timestamp"": ""2026-02-15T08:22:00Z"",
        ""text"": ""Should email addresses be case-sensitive when checking for uniqueness? (e.g. Test@t.com = test@t.com?)""
      }
    ]
  },
{
  ""ticket_id"": ""JIRA-Auth-103"",
  ""summary"": ""Registration - Phone number validation and normalization"",
  ""description"": ""Validate phone number format during registration and store it in normalized E.164 format. Reject invalid formats and normalize acceptable inputs."",
  ""comments"": [
    {
      ""author"": ""QA Engineer Marta"",
      ""timestamp"": ""2026-02-15T10:22:00Z"",
      ""text"": ""Please confirm whether we accept spaces, parentheses, and dashes in phone number input (e.g., +36 (30) 123-4567) and normalize it. Also, should the email address format be validated during registration?""
    },
    {
      ""author"": ""Developer Dave"",
      ""timestamp"": ""2026-02-15T11:05:00Z"",
      ""text"": ""Yes, we will accept common separators and normalize phone nu

[13] source=A8 type=Actor/SrcChunk hops=2 chunk=ce4209d8f88ab7e7 doc=JIRA-Auth.md rel=IN_DOC > IN_DOC
[
  {
    ""ticket_id"": ""JIRA-Auth-101"",
    ""summary"": ""Registration - Create account with mandatory fields"",
    ""description"": ""Implement user registration functionality. The system shall require first name, last name, phone number, email address, and password. All fields are mandatory and must be validated before submission. \n\nAdditionally, the form must include:\n1. A single 'Terms and Conditions' checkbox that represents acceptance of both the Terms of Service and Privacy Policy.\n2. A 'Submit' button that remains disabled until all mandatory fields are filled and the legal consent checkbox is checked."",
    ""comments"": [
      {
        ""author"": ""Tool Master Lesly"",
        ""timestamp"": ""2026-02-15T09:00:00Z"",
        ""text"": ""Name fields must be limited to 50 characters due to database constraints.""
      },
      {
        ""author"": ""QA Engineer Marta"",
        ""timestamp"": ""2026-02-15T09:09:00Z"",
        ""text"": ""Please clarify if leading/trailing spaces should be trimmed and whether hyphens/accents are allowed in names.""
      },
      {
        ""author"": ""Developer Dave"",
        ""timestamp"": ""2026-02-15T14:38:00Z"",
        ""text"": ""Leading/trailing spaces will be tri

[14] source=A44 type=Actor/SrcChunk hops=2 chunk=c48c34de8cf76bce doc=EMAIL_SUPPORT_Emergency_Override.txt rel=IN_DOC > IN_DOC
From: support_lead@toolchain.com
Date: 2026-02-24 15:30
Subject: Escalation: exception handling for priority customers

Hi Dev Team,

Support keeps running into cases where a high-priority customer wants to secure an item even though the system currently treats the time window as blocked because of another pending request.

Operationally, the team is asking whether specially authorized staff should be able to intervene in those cases and resolve the conflict manually, rather than forcing the customer to wait for the ordinary availability flow to clear on its own. In practice this would mean allowing a priority booking path to take precedence over weaker, not-yet-confirmed demand.

Please do not treat this as confirmed product policy yet. We need guidance on whether this should remain a support-side exception process, or whether the booking logic itself is expected to support it.

Regards,
Sarah (Support Lead)

[15] source=8f9c14a11698d93e type=SrcChunk hops=0 score=0.6735 chunk=8f9c14a11698d93e doc=CONF-AUTH-01.md rel=VECTOR_SIMILARITY
# Documentum ID: TOOLCHAIN-CONF-AUTH-01
# Description: User account registration and lifecycle management
# Status: Effective (v1.0)

## 1 User account registration and lifecycle management

## 1.1 User registration and account activation
## 1.1.1 The user must register in order to access the platform.
## 1.1.2. During registration, the system shall require the user to provide the following mandatory information: first name, last name, phone number, email address
## 1.1.3. The system shall validate that the provided email address is unique and not already associated with an existing account.
## 1.1.4. Upon successful submission of the registration form, the system shall create a new user account with a status of Pending.
## 1.1.5. The system shall send an account activation email to the provided email address containing a unique activation link.
## 1.1.6. The user must activate their account by accessing the activation link.
## 1.1.7. The system shall verify the validity of the activation link.
## 1.1.8. Upon successful activation, the system shall update the account status to Active.
## 1.1.9. The system shall not allow authentication or platform access for accounts that are not i

[16] source=6c5380267c218234 type=SrcChunk hops=0 score=0.6736 chunk=6c5380267c218234 doc=JIRA-Lifecycle.md rel=VECTOR_SIMILARITY
 [
      {
        ""author"": ""Backend Engineer Tomas"",
        ""timestamp"": ""2026-02-12T14:20:00Z"",
        ""text"": ""RBAC (Role-Based Access Control) integrated. Only users with 'OPERATOR' or 'ADMIN' roles can trigger approval.""
      }
    ]
  },
  {
    ""ticket_id"": ""JIRA-LIFE-204"",
    ""summary"": ""Manual Rent Completion for Operators"",
    ""description"": ""Allow authorized users to manually trigger rent completion. This is required for early returns."",
    ""status"": ""In Progress"",
    ""comments"": [
      {
        ""author"": ""QA Engineer Marta"",
        ""timestamp"": ""2026-02-21T10:15:00Z"",
        ""text"": ""Clarification needed: If an operator completes a rent early, does the 'Maintenance' (v1.2) period start immediately, or only at the original end date?""
      }
    ]
  },
  {
  ""ticket_id"": ""JIRA-LIFE-205"",
  ""summary"": ""Bug: Penalty applied during early operator cancellation"",
  ""description"": ""An operator reported that a rent was stopped shortly after it became active, but the system still applied a penalty fee. Based on earlier lifecycle guidance, there may have been a short tolerance window in which this kind of early cancellation should not have triggered the charge."",
  ""s

[17] source=f5347fc41dbe1de1 type=SrcChunk hops=0 score=0.6451 chunk=f5347fc41dbe1de1 doc=TOOLCHAIN-CONF-RENT-01-v1.2.md rel=VECTOR_SIMILARITY
 Approved status.

## 2.5 Rent Completion and Maintenance
## 2.5.1 (REVISED) Upon reaching the rental end date, the system shall update the status to 'Maintenance'.
## 2.5.2 (REVISED) Maintenance duration is dynamic and depends on the specific Equipment Category as defined in the Maintenance Matrix.
## 2.5.3 After the maintenance period is completed, the status transitions to 'Available'.

## 2.6 Rent Cancellation
## 2.6.1 The system shall allow users to cancel rent records that are in Requested status.
## 2.6.2 (REVISED) The system shall allow authorized users to cancel rent records that are in Approved or Active status.
## 2.6.3 The system shall update the rent status to Cancelled when a rent is cancelled.
## 2.6.4 The system shall prevent cancellation of rent records that are already Completed or Cancelled.

## 2.7 Rent Modification Rules
## 2.7.1 The system shall allow modification of rent records only when the rent status is Requested.
## 2.7.2 The system shall prevent modification of rent records that are in Approved, Active, Completed, Rejected, or Cancelled status, unless explicitly permitted.
## 2.7.3 The system shall validate all changes before saving modifications.

## 2

[18] source=44723706e3ff4356 type=SrcChunk hops=0 score=0.6826 chunk=44723706e3ff4356 doc=JIRA-Lifecycle.md rel=VECTOR_SIMILARITY
tem still applied a penalty fee. Based on earlier lifecycle guidance, there may have been a short tolerance window in which this kind of early cancellation should not have triggered the charge."",
  ""status"": ""New"",
  ""comments"": [
    {
      ""author"": ""Developer Dave"",
      ""timestamp"": ""2026-02-21T09:00:00Z"",
      ""text"": ""I checked the current cancellation rules and they still allow stopping an active rent, but I cannot find the earlier exemption language that would have waived the penalty in the initial operator tolerance window. It may have been removed, or it may simply be missing from the latest write-up.""
    },
    {
      ""author"": ""PM Peter"",
      ""timestamp"": ""2026-02-21T11:00:00Z"",
      ""text"": ""This needs confirmation. If the newer lifecycle material dropped that exception without an explicit decision, we need to determine whether that was intentional or a documentation gap.""
    }
  ]
}
]

[19] source=9437222564f7ac64 type=SrcChunk hops=0 score=0.6885 chunk=9437222564f7ac64 doc=JIRA-Item.md rel=VECTOR_SIMILARITY
tion"": ""Implement the immediate status change for items (Available/Unavailable). Ensure items marked Unavailable cannot be rented."",
    ""status"": ""In Progress"",
    ""comments"": [
      {
        ""author"": ""Developer Dave"",
        ""timestamp"": ""2026-02-22T10:00:00Z"",
        ""text"": ""Logic check: If an item is currently 'Active' in a rent record, can an admin still set it to 'Unavailable'? The specification says status changes take effect immediately.""
      }
    ]
  },
  {
    ""ticket_id"": ""JIRA-ITEM-305"",
    ""summary"": ""Item Deletion Logic (Soft Delete)"",
    ""description"": ""Implement deletion of items using a soft-delete approach instead of physical removal. Prevent deletion when the item is still referenced by active rental activity, and confirm how the business deletion outcome should map to the current technical status model."",
    ""status"": ""To Do"",
    ""comments"": [
      {
        ""author"": ""Backend Engineer Tomas"",
        ""timestamp"": ""2026-02-22T12:00:00Z"",
        ""text"": ""Terminology check: the deletion outcome described in the specification does not map cleanly to the status values currently supported in the database. I need confirmation whether deleted items shou

[20] source=2b468c2425caf512 type=SrcChunk hops=0 score=0.7017 chunk=2b468c2425caf512 doc=CONF-AUTH-01.md rel=VECTOR_SIMILARITY
ystem shall set the account status to Pending upon successful registration and before email verification.
## 1.4.4 The system shall set the account status to Active after successful email verification.
## 1.4.5 The system shall allow the system administrator to change the account status to Suspended.
## 1.4.6 The system shall prevent Suspended accounts from authenticating and accessing the platform.
## 1.4.7 The system shall allow the system administrator to reactivate Suspended accounts by setting the status to Active.
## 1.4.8 The system shall allow the system administrator to set the account status to Deleted.
## 1.4.9 The system shall prevent Deleted accounts from authenticating and accessing the platform.
## 1.4.10 The system shall retain account data for Deleted accounts according to the data retention policy.
## 1.4.11 The system shall ensure that account status changes take effect immediately.

## 1.5. Session Management
## 1.5.1 The system shall create an authenticated session upon successful user authentication.
## 1.5.2 The system shall associate each session with a specific user account.
## 1.5.3 The system shall allow authenticated users to access protected resources o

[21] source=9978dc0dcd43a512 type=SrcChunk hops=0 score=0.6891 chunk=9978dc0dcd43a512 doc=JIRA-Item.md rel=VECTOR_SIMILARITY
"": ""Terminology check: the deletion outcome described in the specification does not map cleanly to the status values currently supported in the database. I need confirmation whether deleted items should reuse a non-rentable status or whether this requires a separate lifecycle value.""
      }
    ]
  }
]

[22] source=a4a287abb143e79a type=SrcChunk hops=0 score=0.6878 chunk=a4a287abb143e79a doc=JIRA-Rewards.md rel=VECTOR_SIMILARITY
nal buffer before charges apply.""
      }
    ]
  },
  {
    ""ticket_id"": ""JIRA-REW-905"",
    ""summary"": ""Penalty Dispute Workflow"",
    ""description"": ""Implement penalty dispute submission and resolution so users can challenge penalty outcomes and authorized staff can record the final decision together with any resulting adjustment."",
    ""status"": ""To Do""
  },
  {
    ""ticket_id"": ""JIRA-REW-906"",
    ""summary"": ""Adjustment Audit Logging"",
    ""description"": ""Log loyalty and penalty adjustments in a way that preserves traceability, supports controlled review, and remains compatible with the platform's broader privacy and auditability expectations."",
    ""status"": ""In Progress"",
    ""comments"": [
      {
        ""author"": ""Developer Dave"",
        ""timestamp"": ""2026-03-17T09:00:00Z"",
        ""text"": ""Auditability note: the requirement expects user-linked traceability for adjustments, but we should confirm whether direct user-identifying values belong in the raw adjustment log or whether authorized reviewers should resolve identities through a controlled lookup path.""
      }
    ]
  }
]

[23] source=69182d61c773aadd type=SrcChunk hops=0 score=0.6833 chunk=69182d61c773aadd doc=CONF-AUTH-01.md rel=VECTOR_SIMILARITY
# 1.3.6. The system shall allow users to initiate a password reset process if they forget their password.
## 1.3.7. The system shall require the user to provide their registered email address to initiate the password reset process.
## 1.3.8. The system shall send a password reset email containing a unique, time-limited reset link to the user's registered email address.
## 1.3.9. The system shall validate the reset link before allowing the user to set a new password.
## 1.3.10. The system shall allow the user to set a new password only if the reset link is valid and has not expired.
## 1.3.11. The system shall invalidate the reset link after successful password reset.
## 1.3.12. The system shall invalidate all active sessions after a successful password change or reset.

## 1.4. Account Status Management
## 1.4.1 The system shall assign a status to each user account.
## 1.4.2 The system shall support the following account statuses: Pending, Active, Suspended, and Deleted.
## 1.4.3 The system shall set the account status to Pending upon successful registration and before email verification.
## 1.4.4 The system shall set the account status to Active after successful email verification

[24] source=e6716dab172b3183 type=SrcChunk hops=0 score=0.6763 chunk=e6716dab172b3183 doc=JIRA-Availability.md rel=VECTOR_SIMILARITY
: ""Maintenance Period Management"",
    ""description"": ""Implement maintenance windows for items, ensure those periods block rental activity, and make the item appear non-rentable while the maintenance window is in effect."",
    ""status"": ""In Progress"",
    ""comments"": [
      {
        ""author"": ""Tomas"",
        ""timestamp"": ""2026-02-24T10:00:00Z"",
        ""text"": ""Current implementation path uses the existing non-rentable status handling for maintenance-related periods as well. We should confirm whether the user interface needs to distinguish maintenance from other forms of temporary unavailability.""
      }
    ]
  },
  {
    ""ticket_id"": ""JIRA-AVAIL-405"",
    ""summary"": ""Real-time Status Sync"",
    ""description"": ""Ensure availability changes are applied immediately when relevant rental lifecycle events or availability controls are updated."",
    ""status"": ""To Do""
  }
]

[25] source=ebea956274025791 type=SrcChunk hops=0 score=0.6744 chunk=ebea956274025791 doc=JIRA-Payment.md rel=VECTOR_SIMILARITY
ctations for the total, but it does not fully spell out how edge-case fractions should be handled at each calculation stage. I started with a simplified approach for partial-unit handling, but this needs confirmation before we freeze the behavior.""
      },
      {
        ""author"": ""QA Marta"",
        ""timestamp"": ""2026-03-01T14:00:00Z"",
        ""text"": ""Please verify the consistency of subtotal, tax, and final amount handling. A display-friendly simplification in one layer can still produce visible mismatches later if the stored and presented totals are derived differently.""
      },
      {
        ""author"": ""Developer Dave"",
        ""timestamp"": ""2026-03-04T15:00:00Z"",
        ""text"": ""UI note: finance asked for cleaner presentation in one of the pilot currency scenarios, so I explored a more compact display format there while keeping more precise values in the underlying records. We need confirmation that the user-facing total must always match the persisted billing amount exactly.""
      }
    ]
  },
  {
    ""ticket_id"": ""JIRA-PAY-603"",
    ""summary"": ""Invoice Generation Engine"",
    ""description"": ""Generate invoices for billable rental outcomes, assign stable invoice identif

[26] source=0013387e34dddff9 type=SrcChunk hops=0 score=0.6728 chunk=0013387e34dddff9 doc=TOOLCHAIN-CONF-RENTABLE-ITEM-01.md rel=VECTOR_SIMILARITY
ity status changes take effect immediately.

## 3.4 Item Deletion
## 3.4.1 The system shall allow authorized users to delete items.
## 3.4.2 The system shall prevent deletion of items that have Active rent records.
## 3.4.3 The system shall mark deleted items as Inactive instead of permanently removing them, unless explicitly configured otherwise.

## 3.5 Item Access Control
## 3.5.1 The system shall allow all authenticated users to view available items.
## 3.5.2 The system shall restrict item creation, modification, and deletion to authorized users.

[27] source=e633209b9a702ede type=SrcChunk hops=0 score=0.6724 chunk=e633209b9a702ede doc=CONF-AUTH-01.md rel=VECTOR_SIMILARITY
ion link.
## 1.1.8. Upon successful activation, the system shall update the account status to Active.
## 1.1.9. The system shall not allow authentication or platform access for accounts that are not in Active status.

## 1.2. User Authentication and Login
## 1.2.1. The system shall allow access to the platform only for authenticated users with an account status of Active.
## 1.2.2. The system shall require the user to provide their registered email address and password in order to authenticate.
## 1.2.3. The system shall validate the provided credentials against the stored account data.
## 1.2.4. If the provided credentials are valid and the account status is Active, the system shall authenticate the user and grant access to the platform.
## 1.2.5. If the provided credentials are invalid, the system shall deny access and display an appropriate error message.
## 1.2.6. The system shall deny authentication if the account status is not Active, including but not limited to Pending, Suspended, or Deleted statuses.
## 1.2.7. Upon successful authentication, the system shall create an authenticated session associated with the user.
## 1.2.8. The system shall maintain the authenticated sess

[28] source=56489466fbfffbaa type=SrcChunk hops=0 score=0.6705 chunk=56489466fbfffbaa doc=JIRA-Auth.md rel=VECTOR_SIMILARITY
The system shall not allow authentication or platform access for accounts that are not in Active status (e.g., Pending, Suspended, Deleted)."",
    ""comments"": []
  },
  {
    ""ticket_id"": ""JIRA-Auth-110"",
    ""summary"": ""Activation token - Enforce single-use"",
    ""description"": ""Activation tokens shall be single-use. After a successful activation, the system shall invalidate the activation token immediately to prevent reuse."",
    ""comments"": []
  },
  {
    ""ticket_id"": ""JIRA-Auth-111"",
    ""summary"": ""Support registration for multiple users sharing the same email address"",
    ""description"": ""In some use cases (e.g. family accounts or shared organizational email addresses), multiple users may attempt to register using the same email address. Instead of enforcing strict email uniqueness, we may allow multiple accountsto share the same email if another identifier (such as phone number) is unique. This would require adjusting the registration validation logic."",
    ""comments"": [
      {
        ""author"": ""QA Engineer Marta"",
        ""timestamp"": ""2026-02-16T10:41:00Z"",
        ""text"": ""This contradicts the SRS requirement that email must be unique. Please confirm expected behavior

[29] source=d1f9814887e95dcd type=SrcChunk hops=0 score=0.6699 chunk=d1f9814887e95dcd doc=JIRA-Auth.md rel=VECTOR_SIMILARITY
n - Send confirmation email with activation link"",
    ""description"": ""After successful registration, the system shall send an account activation email to the provided email address. The email shall contain a unique activation link."",
    ""comments"": [
      {
        ""author"": ""Security Engineer Viktor"",
        ""timestamp"": ""2026-02-15T13:40:00Z"",
        ""text"": ""Activation tokens must be cryptographically secure and time-limited. If stored, store hashed tokens.""
      }
    ]
  },
  {
    ""ticket_id"": ""JIRA-Auth-106"",
    ""summary"": ""Activation - Validate activation link and activate account"",
    ""description"": ""Implement activation flow. The system shall validate the activation link/token. If valid, the system shall update the account status from Pending to Active and allow platform access."",
    ""comments"": []
  },
  {
    ""ticket_id"": ""JIRA-Auth-107"",
    ""summary"": ""Activation - Reject invalid or expired tokens"",
    ""description"": ""The system shall reject activation requests that use invalid or expired activation tokens and show an appropriate error state."",
    ""comments"": []
  },
  {
  ""ticket_id"": ""JIRA-Auth-108"",
  ""summary"": ""Registration - Security hardening: Preven

[30] source=cb19aeaad55d5a74 type=SrcChunk hops=0 score=0.6644 chunk=cb19aeaad55d5a74 doc=JIRA-Rewards.md rel=VECTOR_SIMILARITY
[
  {
    ""ticket_id"": ""JIRA-REW-901"",
    ""summary"": ""Loyalty Points Accrual Logic"",
    ""description"": ""Implement loyalty point accrual for completed and successfully settled rental activity, and ensure awarded points are applied to the user account according to the configurable reward policy."",
    ""status"": ""In Progress"",
    ""comments"": [
      {
        ""author"": ""Developer Dave"",
        ""timestamp"": ""2026-03-15T10:00:00Z"",
        ""text"": ""Implementation note: the specification refers to configurable business rules for point awards, but the exact reward formula is not yet finalized. I need confirmation on whether beta should use a temporary default rule or wait for the configurable policy source.""
      }
    ]
  },
  {
    ""ticket_id"": ""JIRA-REW-902"",
    ""summary"": ""Points Redemption and Discount Handling"",
    ""description"": ""Allow loyalty point redemption during billing, validate that the user has sufficient balance, and ensure redemption is recorded consistently together with the related financial outcome."",
    ""status"": ""To Do""
  },
  {
    ""ticket_id"": ""JIRA-REW-903"",
    ""summary"": ""Loyalty Tier Automation"",
    ""description"": ""Implement configurable loyalty tier a

[31] source=22d80e39745d1186 type=SrcChunk hops=0 score=0.6637 chunk=22d80e39745d1186 doc=JIRA-Reporting.md rel=VECTOR_SIMILARITY
 truth to avoid mismatches between invoices and exported summaries.""
      }
    ]
  },
  {
    ""ticket_id"": ""JIRA-REP-703"",
    ""summary"": ""User Activity and Audit Logging"",
    ""description"": ""Implement user activity reporting and audit logging for critical system events, while preserving traceability and staying aligned with privacy constraints around what user-related data may appear in logs and operational views."",
    ""status"": ""In Progress"",
    ""comments"": [
      {
        ""author"": ""Developer Dave"",
        ""timestamp"": ""2026-03-07T08:30:00Z"",
        ""text"": ""Privacy note: the specification expects user-linked auditability, but the current compliance direction discourages exposing directly identifiable personal details in raw logs. I need confirmation on whether administrators should read these records through a controlled lookup layer rather than from the stored log entries alone.""
      }
    ]
  },
  {
    ""ticket_id"": ""JIRA-REP-704"",
    ""summary"": ""Audit Log Integrity"",
    ""description"": ""Ensure audit entries remain protected against unauthorized change or removal, and that the storage approach supports the integrity guarantees defined in the reporting and audit sp

[32] source=1d3d27d1a24b72f0 type=SrcChunk hops=0 score=0.6614 chunk=1d3d27d1a24b72f0 doc=JIRA-Auth.md rel=VECTOR_SIMILARITY
that use invalid or expired activation tokens and show an appropriate error state."",
    ""comments"": []
  },
  {
  ""ticket_id"": ""JIRA-Auth-108"",
  ""summary"": ""Registration - Security hardening: Prevent email enumeration"",
  ""description"": ""To prevent attackers from discovering registered users, the registration flow must use generic responses. \n\nRequirement:\nIf a user tries to register with an email address that is already in use, the system MUST NOT display an error message stating 'Email already exists'. \nInstead, it should display a generic message: 'If this email is valid, a message has been sent to it.'"",
  ""comments"": [
    {
      ""author"": ""Security Engineer Viktor"",
      ""timestamp"": ""2026-02-16T10:00:00Z"",
      ""text"": ""This is critical for OWA (OWASP) compliance. We cannot leak user existence through the registration form.""
    }
  ]
},
  {
    ""ticket_id"": ""JIRA-Auth-109"",
    ""summary"": ""Authentication gate - Block login for non-Active accounts"",
    ""description"": ""The system shall not allow authentication or platform access for accounts that are not in Active status (e.g., Pending, Suspended, Deleted)."",
    ""comments"": []
  },
  {
    ""ticket_id"": ""JIRA-Auth-1

[33] source=8f047482d7206346 type=SrcChunk hops=0 score=0.6589 chunk=8f047482d7206346 doc=JIRA-Availability.md rel=VECTOR_SIMILARITY
op the endpoint for checking whether an item can be rented within a requested period, ensuring the response reflects the latest rental and item-state information at query time."",
    ""status"": ""In Progress"",
    ""comments"": [
      {
        ""author"": ""QA Marta"",
        ""timestamp"": ""2026-02-23T11:00:00Z"",
        ""text"": ""Found an ambiguity in query results after the recent item-management changes. Records that are no longer operationally valid are being surfaced through the same availability wording used for temporarily blocked items, which may mislead users about whether the item is recoverable or simply not rentable at the moment.""
      }
    ]
  },
  {
    ""ticket_id"": ""JIRA-AVAIL-403"",
    ""summary"": ""Manual Availability Restrictions"",
    ""description"": ""Allow authorized users to define manual non-rentable periods and ensure those restrictions take precedence over otherwise rentable time windows."",
    ""status"": ""To Do""
  },
  {
    ""ticket_id"": ""JIRA-AVAIL-404"",
    ""summary"": ""Maintenance Period Management"",
    ""description"": ""Implement maintenance windows for items, ensure those periods block rental activity, and make the item appear non-rentable while the maintenance 

[34] source=39e8811963c4099a type=SrcChunk hops=0 score=0.6505 chunk=39e8811963c4099a doc=TOOLCHAIN-CONF-RENT-01.md rel=VECTOR_SIMILARITY
Approved status.

## 2.5 Rent Completion
## 2.5.1 The system shall update the rent status to Completed when the rental end date is reached.
## 2.5.2 The system shall allow authorized users to manually complete a rent.
## 2.5.3 The system shall prevent completion of rent records that are not in Active status.

## 2.6 Rent Cancellation
## 2.6.1 The system shall allow users to cancel rent records that are in Requested status.
## 2.6.2 The system shall allow authorized users to cancel rent records that are in Approved or Active status.
## 2.6.3 The system shall update the rent status to Cancelled when a rent is cancelled.
## 2.6.4 The system shall prevent cancellation of rent records that are already Completed or Cancelled.

## 2.7 Rent Modification Rules
## 2.7.1 The system shall allow modification of rent records only when the rent status is Requested.
## 2.7.2 The system shall prevent modification of rent records that are in Approved, Active, Completed, Rejected, or Cancelled status, unless explicitly permitted.
## 2.7.3 The system shall validate all changes before saving modifications.

## 2.8 Rent History and Audit
## 2.8.1 The system shall maintain the full lifecycle history of e

[35] source=c9549ababe52be5f type=SrcChunk hops=0 score=0.6472 chunk=c9549ababe52be5f doc=EMAIL_DATA_Internal_Audit_Discrepancy.txt rel=VECTOR_SIMILARITY
From: internal_audit@toolchain.com
Date: 2026-03-08 14:00
Subject: Review findings on reporting consistency

Hi Dev Team,

During our recent reporting review, we found several consistency issues that need clarification before the reporting package can be considered reliable for audit use.

First, the financial outputs do not appear to align cleanly across all billing contexts. In some cases, the figures shown in reports, exported files, and billing records seem to reflect different presentation or calculation assumptions.

Second, the activity and audit views currently favor a privacy-preserving identifier style that makes operational review harder for non-technical auditors. We need to confirm whether this is the intended audit model, or whether authorized reviewers should have access to a controlled identity-resolution path.

Third, exported reporting artifacts do not always appear to match the same underlying interpretation used elsewhere in the platform, which raises a broader question about which data representation should be treated as authoritative for audit purposes.

Please review and confirm the intended source-of-truth model for report generation, export, and audit visib

[36] source=66d61fc1f995d676 type=SrcChunk hops=0 score=0.7355 chunk=66d61fc1f995d676 doc=JIRA-Auth.md rel=VECTOR_SIMILARITY
 {
        ""author"": ""QA Engineer Marta"",
        ""timestamp"": ""2026-02-16T10:41:00Z"",
        ""text"": ""This contradicts the SRS requirement that email must be unique. Please confirm expected behavior.""
      }
    ]
  },
  {
  ""ticket_id"": ""JIRA-Auth-112"",
  ""summary"": ""Registration - Auto-cleanup for unactivated accounts and Data Retention"",
  ""description"": ""To comply with data minimization principles, the system shall automatically delete any user account that remains in 'Pending' status for more than 30 days. All associated personal data must be removed, except for minimal audit logs required by the retention policy."",
  ""comments"": [
    {
      ""author"": ""PM Peter"",
      ""timestamp"": ""2026-02-16T12:05:00Z"",
      ""text"": ""This is an enhancement beyond the initial SRS but aligns with GDPR data minimization.""
    },
    {
      ""author"": ""QA Engineer Marta"",
      ""timestamp"": ""2026-02-16T13:45:00Z"",
      ""text"": ""Logic Gap: If we delete the account after 30 days, what happens to the activation link sent in CONF-AUTH-01 1.5? The link has no expiry in the docs. We need to ensure the link doesn't trigger a 500 error on a non-existent account.""
    },
    {
      ""author"": ""Sec

[37] source=2fb79f7446b24909 type=SrcChunk hops=0 score=0.7124 chunk=2fb79f7446b24909 doc=JIRA-Auth.md rel=VECTOR_SIMILARITY
o the activation link sent in CONF-AUTH-01 1.5? The link has no expiry in the docs. We need to ensure the link doesn't trigger a 500 error on a non-existent account.""
    },
    {
      ""author"": ""Security Engineer Viktor"",
      ""timestamp"": ""2026-02-17T10:10:00Z"",
      ""text"": ""Clarification Needed: When a user manually requests account deletion, should it be immediate, or do we provide a 14-day 'grace period' for recovery before the permanent wipe?""
    }
  ]
},
  {
    ""ticket_id"": ""JIRA-Auth-113"",
    ""summary"": ""Registration - Password policy enforcement"",
    ""description"": ""Enforce password policy rules during registration and prevent weak passwords."",
    ""comments"": [
      {
        ""author"": ""Security Engineer Viktor"",
        ""timestamp"": ""2026-02-16T13:12:00Z"",
        ""text"": ""Missing details: minimum length, complexity requirements, common password blacklist, and whether passphrases are allowed.""
      }
    ],
    ""attachments"": [""EMAIL_CTO_Security_Update.txt""]
  },
{
  ""ticket_id"": ""JIRA-Auth-114"",
  ""summary"": ""Allow registration without phone number"",
  ""description"": ""Some users are reluctant to provide their phone number during registration. Consider making 

[38] source=854f7de27dc6118d type=SrcChunk hops=0 score=0.6732 chunk=854f7de27dc6118d doc=JIRA-Payment.md rel=VECTOR_SIMILARITY
.""
      }
    ]
  },
  {
    ""ticket_id"": ""JIRA-PAY-603"",
    ""summary"": ""Invoice Generation Engine"",
    ""description"": ""Generate invoices for billable rental outcomes, assign stable invoice identifiers, and store the invoice content together with the relevant rental and pricing details."",
    ""status"": ""To Do""
  },
  {
    ""ticket_id"": ""JIRA-PAY-604"",
    ""summary"": ""Payment Processing Integration"",
    ""description"": ""Implement payment handling, including payment-state tracking and linkage between payment, invoice, and rental records. Clarify how unsuccessful payment outcomes should affect downstream rental and availability behavior."",
    ""status"": ""In Progress"",
    ""comments"": [
      {
        ""author"": ""Tomas"",
        ""timestamp"": ""2026-03-02T09:00:00Z"",
        ""text"": ""There is a cross-module ambiguity here: when a payment attempt does not complete successfully, I do not yet know whether the related rental should remain operationally blocked, return to normal availability, or wait for a separate business decision.""
      }
    ]
  },
  {
    ""ticket_id"": ""JIRA-PAY-605"",
    ""summary"": ""Duplicate Payment Prevention"",
    ""description"": ""Implement idempotent payment prote

[39] source=dbdfe9579474ba43 type=SrcChunk hops=0 score=0.6702 chunk=dbdfe9579474ba43 doc=JIRA-Auth.md rel=VECTOR_SIMILARITY
be validated during registration?""
    },
    {
      ""author"": ""Developer Dave"",
      ""timestamp"": ""2026-02-15T11:05:00Z"",
      ""text"": ""Yes, we will accept common separators and normalize phone numbers to E.164 format.""
    },
    {
      ""author"": ""Backend Engineer Tomas"",
      ""timestamp"": ""2026-02-15T11:42:00Z"",
      ""text"": ""Yes, email format must be validated. The email must follow standard format: local-part@domain. The local part may contain letters, numbers, dots, hyphens, and underscores. The domain must contain at least one dot and valid domain name characters. Example of valid format: user.name@example.com""
    }
  ]
},
  {
    ""ticket_id"": ""JIRA-Auth-104"",
    ""summary"": ""Registration - Create Pending account after successful submission"",
    ""description"": ""Upon successful submission of the registration form, the system shall create a new user account with status set to Pending."",
    ""comments"": []
  },
  {
    ""ticket_id"": ""JIRA-Auth-105"",
    ""summary"": ""Activation - Send confirmation email with activation link"",
    ""description"": ""After successful registration, the system shall send an account activation email to the provided email address. The email shall c

[40] source=0374b1fefbab130e type=SrcChunk hops=0 score=0.6610 chunk=0374b1fefbab130e doc=JIRA-Payment.md rel=VECTOR_SIMILARITY
PAY-608"",
    ""summary"": ""Billing Access Control"",
    ""description"": ""Implement access control rules for billing records so users can view only their own financial history while authorized roles can review broader payment and invoice data."",
    ""status"": ""Closed""
  }
]

[41] source=7306d641eb9b0bb2 type=SrcChunk hops=0 score=0.6546 chunk=7306d641eb9b0bb2 doc=EMAIL_FINANCE_MultiCurrency_HACK.txt rel=VECTOR_SIMILARITY
cial records.

Best,
Finance Dept.

[42] source=2f105702c1c1c3f3 type=SrcChunk hops=0 score=0.6532 chunk=2f105702c1c1c3f3 doc=JIRA-Auth.md rel=VECTOR_SIMILARITY
t: Clear error messages"",
  ""description"": ""Our support team reports that users are confused by generic messages. We need to provide clear, actionable feedback during registration.\n\nRequirement:\nIf an email address is already registered, the system should clearly state: 'This email address is already registered. Please log in or reset your password.'"",
  ""comments"": [
    {
      ""author"": ""UX Writer Nora"",
      ""timestamp"": ""2026-02-17T09:30:00Z"",
      ""text"": ""Generic messages lead to high drop-off rates. Users think the system is broken if they don't get a specific reason for failure.""
    }
  ]
},
{
  ""ticket_id"": ""JIRA-Auth-116"",
  ""summary"": ""Initial login implementation without MFA"",
  ""description"": ""The first implementation of the login endpoint will support email and password authentication only. Multi-factor authentication (MFA) is part of the security roadmap, but will not be implemented in this sprint. Future iterations should extend the authentication flow to support a second factor when enabled."",
  ""comments"": [
    {
      ""author"": ""Developer Dave"",
      ""timestamp"": ""2026-02-18T10:00:00Z"",
      ""text"": ""Login logic is ready. MFA is not part of this sprint,

[43] source=e6fe5b64787f87a6 type=SrcChunk hops=0 score=0.6528 chunk=e6fe5b64787f87a6 doc=TOOLCHAIN-CONF-REWARDS&PANELTIES-01.md rel=VECTOR_SIMILARITY
ll allow users to submit disputes for penalties.
## 9.6.2 The system shall store dispute status including Open, Under Review, Approved, and Rejected.
## 9.6.3 The system shall allow authorized users to resolve disputes.
## 9.6.4 The system shall update penalty records based on dispute outcome.

## 9.7 Adjustment Integrity and Audit
## 9.7.1 The system shall log loyalty and penalty transactions.
## 9.7.2 The system shall store timestamp, user identifier, and adjustment details.
## 9.7.3 The system shall prevent unauthorized modification of loyalty or penalty records.
## 9.7.4 The system shall maintain complete adjustment history.

[44] source=1da852dd7949b438 type=SrcChunk hops=0 score=0.6505 chunk=1da852dd7949b438 doc=TOOLCHAIN-CONF-REPORTING-01.md rel=VECTOR_SIMILARITY
 users to generate reports of user activity.
## 7.3.2 The system shall include rent creation, modification, cancellation, and payment activity in user reports.
## 7.3.3 The system shall allow filtering user activity reports by user identifier.

## 7.4 Audit Logging
## 7.4.1 The system shall record audit logs for critical system events.
## 7.4.2 The system shall log rent lifecycle events.
## 7.4.3 The system shall log item management events.
## 7.4.4 The system shall log payment and billing events.
## 7.4.5 The system shall log authentication and authorization events.

## 7.5 Audit Log Content
## 7.5.1 The system shall include timestamp in audit log entries.
## 7.5.2 The system shall include user identifier in audit log entries.
## 7.5.3 The system shall include event type in audit log entries.
## 7.5.4 The system shall include event outcome in audit log entries.

## 7.6 Audit Log Integrity
## 7.6.1 The system shall ensure audit logs cannot be modified.
## 7.6.2 The system shall ensure audit logs cannot be deleted by unauthorized users.
## 7.6.3 The system shall ensure audit logs are securely stored.

## 7.7 Report Export
## 7.7.1 The system shall allow authorized users to export re

[45] source=beb42617cfc95144 type=SrcChunk hops=0 score=0.6476 chunk=beb42617cfc95144 doc=JIRA-Delivery-Control.md rel=VECTOR_SIMILARITY
arta"",
        ""timestamp"": ""2026-03-10T11:30:00Z"",
        ""text"": ""Please confirm how unsupported edge windows should appear in the user flow. There is a difference between a slot that is structurally outside delivery hours and one that is technically valid but already unavailable.""
      }
    ]
  },
  {
    ""ticket_id"": ""JIRA-DEL-803"",
    ""summary"": ""Delivery Status Lifecycle"",
    ""description"": ""Implement the delivery lifecycle flow and ensure the system can track operational delivery progress while keeping users informed when delivery state changes occur."",
    ""status"": ""Closed"",
    ""comments"": [
      {
        ""author"": ""Backend Engineer Tomas"",
        ""timestamp"": ""2026-03-11T09:20:00Z"",
        ""text"": ""The operational status progression is implemented, but we should confirm whether all internal delivery transitions are meant to be exposed directly to users or whether some should remain back-office only.""
      }
    ]
  },
  {
    ""ticket_id"": ""JIRA-DEL-804"",
    ""summary"": ""Delivery Fee Calculation"",
    ""description"": ""Implement delivery fee calculation according to the configured logistics rules and ensure applicable delivery charges flow into billing in a consis

[46] source=1531165a3c8df366 type=SrcChunk hops=0 score=0.6458 chunk=1531165a3c8df366 doc=JIRA-Notifications.md rel=VECTOR_SIMILARITY
imestamp"": ""2026-02-25T14:00:00Z"",
        ""text"": ""Please confirm which identifier wording should appear in outbound messages. The specification and the warehouse-facing screens do not use exactly the same term, and I want to avoid sending emails that confuse end users.""
      }
    ]
  },
  {
    ""ticket_id"": ""JIRA-NOTIF-506"",
    ""summary"": ""User Notification Preferences"",
    ""description"": ""Allow users to manage notification preferences by category, while clarifying whether any event classes are considered business-critical and therefore not fully optional."",
    ""status"": ""In Progress"",
    ""comments"": [
      {
        ""author"": ""Developer Dave"",
        ""timestamp"": ""2026-02-26T10:00:00Z"",
        ""text"": ""There is a policy ambiguity here: product preference settings suggest broad user control, but management feedback indicates that some approval-related messages may need to remain non-optional. I need confirmation before deciding whether these events should bypass normal preference filtering.""
      }
    ]
  },
  {
    ""ticket_id"": ""JIRA-NOTIF-507"",
    ""summary"": ""Notification Event Logging"",
    ""description"": ""Log notification generation and delivery outcomes so author

[47] source=9694bf5bcf380db0 type=SrcChunk hops=0 score=0.6869 chunk=9694bf5bcf380db0 doc=JIRA-Payment.md rel=VECTOR_SIMILARITY
or wait for a separate business decision.""
      }
    ]
  },
  {
    ""ticket_id"": ""JIRA-PAY-605"",
    ""summary"": ""Duplicate Payment Prevention"",
    ""description"": ""Implement idempotent payment protection so the same invoice cannot be settled multiple times through repeated requests or retries."",
    ""status"": ""To Do""
  },
  {
    ""ticket_id"": ""JIRA-PAY-606"",
    ""summary"": ""Refund Management Logic"",
    ""description"": ""Support authorized refund handling while preserving traceability to the original payment and ensuring the refunded amount remains within the permitted financial boundary."",
    ""status"": ""To Do""
  },
  {
    ""ticket_id"": ""JIRA-PAY-607"",
    ""summary"": ""Billing History and Immutability"",
    ""description"": ""Implement billing history access and preserve the immutability expectations of completed financial records so users and administrators can review prior invoices and payments without altering finalized outcomes."",
    ""status"": ""To Do""
  },
  {
    ""ticket_id"": ""JIRA-PAY-608"",
    ""summary"": ""Billing Access Control"",
    ""description"": ""Implement access control rules for billing records so users can view only their own financial history while authorized roles can ","Generated 10 executable Gherkin tests for R6 (Pending-account cleanup). Tests cover the core requirement of automatic deletion of Pending accounts after 30 days, account lifecycle transitions, data removal compliance, and exception scenarios around manual deletion grace periods and activation link behavior post-cleanup. Tests are grounded in operative context from PRIMARY evidence E1 and E4, with supporting lifecycle context from E2, E5, E15, E20, and known issue references E13, E14.",System shall automatically delete any user account that remains in Pending status for more than 30 days || ystem shall set the account status to Pending upon successful registration and before email verification. || Account status changes take effect immediately,Manual account deletion may require a 14-day grace period for recovery before permanent wipe (unconfirmed) || Activation links have no documented expiry and may trigger errors on non-existent accounts after cleanup,,,E1|E2|E4|E5|E13|E14|E15|E20,"R6 targets pending-account cleanup. PRIMARY evidence E1 and E4 establish the core requirement: automatic deletion of Pending accounts after 30 days with removal of associated personal data except audit logs (GDPR data minimization). E2, E5, E15, E20 provide account lifecycle context showing Pending status is set upon registration and blocks authentication. E13 and E14 identify the activation expiry/pending cleanup gap as a known issue. E4 raises unresolved questions about manual deletion grace periods and activation link behavior post-cleanup. The 30-day automatic cleanup rule is clearly stated in PRIMARY evidence and should be operative. However, the interaction with activation links (no expiry documented) and manual deletion procedures (grace period unconfirmed) remain gaps that affect test design. Filtered abstract or low-relevance operative statements: All associated personal data must be removed upon automatic deletion, except for minimal audit logs required by retention policy | Pending accounts are created upon successful registration before email verification | Pending accounts cannot authenticate or access the platform",1,0,0,0
1cb52207,R6,hybrid,full,anthropic,claude-haiku-4-5-20251001,2,2026-07-03.v3,R6_10,Verified accounts are not affected by cleanup,"Feature: Cleanup Scope Limitation
  Scenario: Verified accounts are excluded from automatic cleanup
    Given a user account has completed email verification
    And the account status is no longer Pending
    When the cleanup job runs
    Then the account should not be deleted
    And the account should remain in the system",Clarifies the scope of the cleanup requirement. Only Pending accounts are subject to automatic deletion; accounts that have transitioned to verified status should be protected from cleanup.,E1|E2|E4|E5,System shall automatically delete any user account that remains in Pending status for more than 30 days|System shall set the account status to Pending upon successful registration and before email verification,0013387e34dddff9|0374b1fefbab130e|1531165a3c8df366|1d3d27d1a24b72f0|1da852dd7949b438|22d80e39745d1186|2b468c2425caf512|2f105702c1c1c3f3|2fb79f7446b24909|39e8811963c4099a|44723706e3ff4356|56489466fbfffbaa|66d61fc1f995d676|69182d61c773aadd|6c5380267c218234|7306d641eb9b0bb2|854f7de27dc6118d|8f047482d7206346|8f9c14a11698d93e|9437222564f7ac64|9694bf5bcf380db0|9978dc0dcd43a512|A44|A5|A8|C1|G1|G63|G93c|I3|I4|R6|a4a287abb143e79a|beb42617cfc95144|c9549ababe52be5f|cb19aeaad55d5a74|d1f9814887e95dcd|dbdfe9579474ba43|e633209b9a702ede|e6716dab172b3183|e6fe5b64787f87a6|ebea956274025791|f5347fc41dbe1de1,Pending-account cleanup,Pending-account cleanup,"[1] source=R6 type=Requirement/SrcChunk hops=0 chunk=66d61fc1f995d676 doc=JIRA-Auth.md rel=TARGET
 {
        ""author"": ""QA Engineer Marta"",
        ""timestamp"": ""2026-02-16T10:41:00Z"",
        ""text"": ""This contradicts the SRS requirement that email must be unique. Please confirm expected behavior.""
      }
    ]
  },
  {
  ""ticket_id"": ""JIRA-Auth-112"",
  ""summary"": ""Registration - Auto-cleanup for unactivated accounts and Data Retention"",
  ""description"": ""To comply with data minimization principles, the system shall automatically delete any user account that remains in 'Pending' status for more than 30 days. All associated personal data must be removed, except for minimal audit logs required by the retention policy."",
  ""comments"": [
    {
      ""author"": ""PM Peter"",
      ""timestamp"": ""2026-02-16T12:05:00Z"",
      ""text"": ""This is an enhancement beyond the initial SRS but aligns with GDPR data minimization.""
    },
    {
      ""author"": ""QA Engineer Marta"",
      ""timestamp"": ""2026-02-16T13:45:00Z"",
      ""text"": ""Logic Gap: If we delete the account after 30 days, what happens to the activation link sent in CONF-AUTH-01 1.5? The link has no expiry in the docs. We need to ensure the link doesn't trigger a 500 error on a non-existent account.""
    },
    {
      ""author"": ""Sec

[2] source=R6 type=Requirement/SrcChunk hops=0 chunk=2b468c2425caf512 doc=CONF-AUTH-01.md rel=TARGET
ystem shall set the account status to Pending upon successful registration and before email verification.
## 1.4.4 The system shall set the account status to Active after successful email verification.
## 1.4.5 The system shall allow the system administrator to change the account status to Suspended.
## 1.4.6 The system shall prevent Suspended accounts from authenticating and accessing the platform.
## 1.4.7 The system shall allow the system administrator to reactivate Suspended accounts by setting the status to Active.
## 1.4.8 The system shall allow the system administrator to set the account status to Deleted.
## 1.4.9 The system shall prevent Deleted accounts from authenticating and accessing the platform.
## 1.4.10 The system shall retain account data for Deleted accounts according to the data retention policy.
## 1.4.11 The system shall ensure that account status changes take effect immediately.

## 1.5. Session Management
## 1.5.1 The system shall create an authenticated session upon successful user authentication.
## 1.5.2 The system shall associate each session with a specific user account.
## 1.5.3 The system shall allow authenticated users to access protected resources o

[3] source=R6 type=Requirement hops=0 rel=TARGET
Pending-account cleanup

[4] source=R6 type=Requirement/SrcChunk hops=0 chunk=2fb79f7446b24909 doc=JIRA-Auth.md rel=TARGET
o the activation link sent in CONF-AUTH-01 1.5? The link has no expiry in the docs. We need to ensure the link doesn't trigger a 500 error on a non-existent account.""
    },
    {
      ""author"": ""Security Engineer Viktor"",
      ""timestamp"": ""2026-02-17T10:10:00Z"",
      ""text"": ""Clarification Needed: When a user manually requests account deletion, should it be immediate, or do we provide a 14-day 'grace period' for recovery before the permanent wipe?""
    }
  ]
},
  {
    ""ticket_id"": ""JIRA-Auth-113"",
    ""summary"": ""Registration - Password policy enforcement"",
    ""description"": ""Enforce password policy rules during registration and prevent weak passwords."",
    ""comments"": [
      {
        ""author"": ""Security Engineer Viktor"",
        ""timestamp"": ""2026-02-16T13:12:00Z"",
        ""text"": ""Missing details: minimum length, complexity requirements, common password blacklist, and whether passphrases are allowed.""
      }
    ],
    ""attachments"": [""EMAIL_CTO_Security_Update.txt""]
  },
{
  ""ticket_id"": ""JIRA-Auth-114"",
  ""summary"": ""Allow registration without phone number"",
  ""description"": ""Some users are reluctant to provide their phone number during registration. Consider making 

[5] source=I4 type=Implementation/SrcChunk hops=1 chunk=8f9c14a11698d93e doc=CONF-AUTH-01.md rel=REFINES
# Documentum ID: TOOLCHAIN-CONF-AUTH-01
# Description: User account registration and lifecycle management
# Status: Effective (v1.0)

## 1 User account registration and lifecycle management

## 1.1 User registration and account activation
## 1.1.1 The user must register in order to access the platform.
## 1.1.2. During registration, the system shall require the user to provide the following mandatory information: first name, last name, phone number, email address
## 1.1.3. The system shall validate that the provided email address is unique and not already associated with an existing account.
## 1.1.4. Upon successful submission of the registration form, the system shall create a new user account with a status of Pending.
## 1.1.5. The system shall send an account activation email to the provided email address containing a unique activation link.
## 1.1.6. The user must activate their account by accessing the activation link.
## 1.1.7. The system shall verify the validity of the activation link.
## 1.1.8. Upon successful activation, the system shall update the account status to Active.
## 1.1.9. The system shall not allow authentication or platform access for accounts that are not i

[6] source=G63 type=Gap/SrcChunk hops=2 chunk=cc00a9173697dc7d doc=JIRA-Payment.md rel=IN_DOC > IN_DOC
[
  {
    ""ticket_id"": ""JIRA-PAY-601"",
    ""summary"": ""Pricing Configuration Service"",
    ""description"": ""Implement the pricing configuration layer so authorized users can define rental pricing structures and apply them consistently to rentable items without retroactively changing already established rental records."",
    ""status"": ""Closed""
  },
  {
    ""ticket_id"": ""JIRA-PAY-602"",
    ""summary"": ""Price Calculation and Precision"",
    ""description"": ""Implement rental cost calculation based on duration and pricing rules, and make sure the resulting amount is derived consistently across calculation, storage, and user-facing display. International billing and currency presentation should be treated as a related operational concern, but must not silently override the core pricing logic."",
    ""status"": ""In Progress"",
    ""comments"": [
      {
        ""author"": ""Developer Dave"",
        ""timestamp"": ""2026-03-01T10:00:00Z"",
        ""text"": ""The current specification defines correctness expectations for the total, but it does not fully spell out how edge-case fractions should be handled at each calculation stage. I started with a simplified approach for partial-unit handling, but this ne

[7] source=G1 type=Gap/SrcChunk hops=1 chunk=1d3d27d1a24b72f0 doc=JIRA-Auth.md rel=AFFECTS
that use invalid or expired activation tokens and show an appropriate error state."",
    ""comments"": []
  },
  {
  ""ticket_id"": ""JIRA-Auth-108"",
  ""summary"": ""Registration - Security hardening: Prevent email enumeration"",
  ""description"": ""To prevent attackers from discovering registered users, the registration flow must use generic responses. \n\nRequirement:\nIf a user tries to register with an email address that is already in use, the system MUST NOT display an error message stating 'Email already exists'. \nInstead, it should display a generic message: 'If this email is valid, a message has been sent to it.'"",
  ""comments"": [
    {
      ""author"": ""Security Engineer Viktor"",
      ""timestamp"": ""2026-02-16T10:00:00Z"",
      ""text"": ""This is critical for OWA (OWASP) compliance. We cannot leak user existence through the registration form.""
    }
  ]
},
  {
    ""ticket_id"": ""JIRA-Auth-109"",
    ""summary"": ""Authentication gate - Block login for non-Active accounts"",
    ""description"": ""The system shall not allow authentication or platform access for accounts that are not in Active status (e.g., Pending, Suspended, Deleted)."",
    ""comments"": []
  },
  {
    ""ticket_id"": ""JIRA-Auth-1

[8] source=G1 type=Gap hops=1 rel=AFFECTS
Activation expiry / pending cleanup gap

[9] source=I3 type=Implementation/SrcChunk hops=2 chunk=56489466fbfffbaa doc=JIRA-Auth.md rel=IN_DOC > IN_DOC
The system shall not allow authentication or platform access for accounts that are not in Active status (e.g., Pending, Suspended, Deleted)."",
    ""comments"": []
  },
  {
    ""ticket_id"": ""JIRA-Auth-110"",
    ""summary"": ""Activation token - Enforce single-use"",
    ""description"": ""Activation tokens shall be single-use. After a successful activation, the system shall invalidate the activation token immediately to prevent reuse."",
    ""comments"": []
  },
  {
    ""ticket_id"": ""JIRA-Auth-111"",
    ""summary"": ""Support registration for multiple users sharing the same email address"",
    ""description"": ""In some use cases (e.g. family accounts or shared organizational email addresses), multiple users may attempt to register using the same email address. Instead of enforcing strict email uniqueness, we may allow multiple accountsto share the same email if another identifier (such as phone number) is unique. This would require adjusting the registration validation logic."",
    ""comments"": [
      {
        ""author"": ""QA Engineer Marta"",
        ""timestamp"": ""2026-02-16T10:41:00Z"",
        ""text"": ""This contradicts the SRS requirement that email must be unique. Please confirm expected behavior

[10] source=G93c type=Gap/SrcChunk hops=2 chunk=ebea956274025791 doc=JIRA-Payment.md rel=IN_DOC > IN_DOC
ctations for the total, but it does not fully spell out how edge-case fractions should be handled at each calculation stage. I started with a simplified approach for partial-unit handling, but this needs confirmation before we freeze the behavior.""
      },
      {
        ""author"": ""QA Marta"",
        ""timestamp"": ""2026-03-01T14:00:00Z"",
        ""text"": ""Please verify the consistency of subtotal, tax, and final amount handling. A display-friendly simplification in one layer can still produce visible mismatches later if the stored and presented totals are derived differently.""
      },
      {
        ""author"": ""Developer Dave"",
        ""timestamp"": ""2026-03-04T15:00:00Z"",
        ""text"": ""UI note: finance asked for cleaner presentation in one of the pilot currency scenarios, so I explored a more compact display format there while keeping more precise values in the underlying records. We need confirmation that the user-facing total must always match the persisted billing amount exactly.""
      }
    ]
  },
  {
    ""ticket_id"": ""JIRA-PAY-603"",
    ""summary"": ""Invoice Generation Engine"",
    ""description"": ""Generate invoices for billable rental outcomes, assign stable invoice identif

[11] source=C1 type=Communication/SrcChunk hops=2 chunk=6bb3b84e337f31dc doc=JIRA-Auth.md rel=IN_DOC > IN_DOC
nd whether hyphens/accents are allowed in names.""
      },
      {
        ""author"": ""Developer Dave"",
        ""timestamp"": ""2026-02-15T14:38:00Z"",
        ""text"": ""Leading/trailing spaces will be trimmed. Hyphens and accents are allowed.""
      },
      {
        ""author"": ""QA Engineer Marta"",
        ""timestamp"": ""2026-02-16T07:16:00Z"",
        ""text"": ""Will first and last names be entered in separate fields? Will we support a middle name?""
      },
      {
        ""author"": ""PM Peter"",
        ""timestamp"": ""2026-02-16T12:58:00Z"",
        ""text"": ""First and last name are separate fields. Middle name is optional.""
      },
      {
        ""author"": ""QA Engineer Marta"",
        ""timestamp"": ""2026-02-16T16:43:00Z"",
        ""text"": ""Do we support double surnames or special characters (e.g. apostrophe in O'Connor)?""
      }
    ],
	""attachments"": [""EMAIL_LEGAL_GDPR_Compliance.txt""]
  },
  {
    ""ticket_id"": ""JIRA-Auth-102"",
    ""summary"": ""Registration - Email uniqueness validation"",
    ""description"": ""Validate that the email address provided during registration is unique and not already associated with an existing account. Uniqueness validation shall be case-insensitive."",
    ""comm

[12] source=A5 type=Actor/SrcChunk hops=2 chunk=b046296a3e9c6aab doc=JIRA-Auth.md rel=IN_DOC > IN_DOC
""description"": ""Validate that the email address provided during registration is unique and not already associated with an existing account. Uniqueness validation shall be case-insensitive."",
    ""comments"": [
      {
        ""author"": ""QA Engineer Marta"",
        ""timestamp"": ""2026-02-15T08:22:00Z"",
        ""text"": ""Should email addresses be case-sensitive when checking for uniqueness? (e.g. Test@t.com = test@t.com?)""
      }
    ]
  },
{
  ""ticket_id"": ""JIRA-Auth-103"",
  ""summary"": ""Registration - Phone number validation and normalization"",
  ""description"": ""Validate phone number format during registration and store it in normalized E.164 format. Reject invalid formats and normalize acceptable inputs."",
  ""comments"": [
    {
      ""author"": ""QA Engineer Marta"",
      ""timestamp"": ""2026-02-15T10:22:00Z"",
      ""text"": ""Please confirm whether we accept spaces, parentheses, and dashes in phone number input (e.g., +36 (30) 123-4567) and normalize it. Also, should the email address format be validated during registration?""
    },
    {
      ""author"": ""Developer Dave"",
      ""timestamp"": ""2026-02-15T11:05:00Z"",
      ""text"": ""Yes, we will accept common separators and normalize phone nu

[13] source=A8 type=Actor/SrcChunk hops=2 chunk=ce4209d8f88ab7e7 doc=JIRA-Auth.md rel=IN_DOC > IN_DOC
[
  {
    ""ticket_id"": ""JIRA-Auth-101"",
    ""summary"": ""Registration - Create account with mandatory fields"",
    ""description"": ""Implement user registration functionality. The system shall require first name, last name, phone number, email address, and password. All fields are mandatory and must be validated before submission. \n\nAdditionally, the form must include:\n1. A single 'Terms and Conditions' checkbox that represents acceptance of both the Terms of Service and Privacy Policy.\n2. A 'Submit' button that remains disabled until all mandatory fields are filled and the legal consent checkbox is checked."",
    ""comments"": [
      {
        ""author"": ""Tool Master Lesly"",
        ""timestamp"": ""2026-02-15T09:00:00Z"",
        ""text"": ""Name fields must be limited to 50 characters due to database constraints.""
      },
      {
        ""author"": ""QA Engineer Marta"",
        ""timestamp"": ""2026-02-15T09:09:00Z"",
        ""text"": ""Please clarify if leading/trailing spaces should be trimmed and whether hyphens/accents are allowed in names.""
      },
      {
        ""author"": ""Developer Dave"",
        ""timestamp"": ""2026-02-15T14:38:00Z"",
        ""text"": ""Leading/trailing spaces will be tri

[14] source=A44 type=Actor/SrcChunk hops=2 chunk=c48c34de8cf76bce doc=EMAIL_SUPPORT_Emergency_Override.txt rel=IN_DOC > IN_DOC
From: support_lead@toolchain.com
Date: 2026-02-24 15:30
Subject: Escalation: exception handling for priority customers

Hi Dev Team,

Support keeps running into cases where a high-priority customer wants to secure an item even though the system currently treats the time window as blocked because of another pending request.

Operationally, the team is asking whether specially authorized staff should be able to intervene in those cases and resolve the conflict manually, rather than forcing the customer to wait for the ordinary availability flow to clear on its own. In practice this would mean allowing a priority booking path to take precedence over weaker, not-yet-confirmed demand.

Please do not treat this as confirmed product policy yet. We need guidance on whether this should remain a support-side exception process, or whether the booking logic itself is expected to support it.

Regards,
Sarah (Support Lead)

[15] source=8f9c14a11698d93e type=SrcChunk hops=0 score=0.6735 chunk=8f9c14a11698d93e doc=CONF-AUTH-01.md rel=VECTOR_SIMILARITY
# Documentum ID: TOOLCHAIN-CONF-AUTH-01
# Description: User account registration and lifecycle management
# Status: Effective (v1.0)

## 1 User account registration and lifecycle management

## 1.1 User registration and account activation
## 1.1.1 The user must register in order to access the platform.
## 1.1.2. During registration, the system shall require the user to provide the following mandatory information: first name, last name, phone number, email address
## 1.1.3. The system shall validate that the provided email address is unique and not already associated with an existing account.
## 1.1.4. Upon successful submission of the registration form, the system shall create a new user account with a status of Pending.
## 1.1.5. The system shall send an account activation email to the provided email address containing a unique activation link.
## 1.1.6. The user must activate their account by accessing the activation link.
## 1.1.7. The system shall verify the validity of the activation link.
## 1.1.8. Upon successful activation, the system shall update the account status to Active.
## 1.1.9. The system shall not allow authentication or platform access for accounts that are not i

[16] source=6c5380267c218234 type=SrcChunk hops=0 score=0.6736 chunk=6c5380267c218234 doc=JIRA-Lifecycle.md rel=VECTOR_SIMILARITY
 [
      {
        ""author"": ""Backend Engineer Tomas"",
        ""timestamp"": ""2026-02-12T14:20:00Z"",
        ""text"": ""RBAC (Role-Based Access Control) integrated. Only users with 'OPERATOR' or 'ADMIN' roles can trigger approval.""
      }
    ]
  },
  {
    ""ticket_id"": ""JIRA-LIFE-204"",
    ""summary"": ""Manual Rent Completion for Operators"",
    ""description"": ""Allow authorized users to manually trigger rent completion. This is required for early returns."",
    ""status"": ""In Progress"",
    ""comments"": [
      {
        ""author"": ""QA Engineer Marta"",
        ""timestamp"": ""2026-02-21T10:15:00Z"",
        ""text"": ""Clarification needed: If an operator completes a rent early, does the 'Maintenance' (v1.2) period start immediately, or only at the original end date?""
      }
    ]
  },
  {
  ""ticket_id"": ""JIRA-LIFE-205"",
  ""summary"": ""Bug: Penalty applied during early operator cancellation"",
  ""description"": ""An operator reported that a rent was stopped shortly after it became active, but the system still applied a penalty fee. Based on earlier lifecycle guidance, there may have been a short tolerance window in which this kind of early cancellation should not have triggered the charge."",
  ""s

[17] source=f5347fc41dbe1de1 type=SrcChunk hops=0 score=0.6451 chunk=f5347fc41dbe1de1 doc=TOOLCHAIN-CONF-RENT-01-v1.2.md rel=VECTOR_SIMILARITY
 Approved status.

## 2.5 Rent Completion and Maintenance
## 2.5.1 (REVISED) Upon reaching the rental end date, the system shall update the status to 'Maintenance'.
## 2.5.2 (REVISED) Maintenance duration is dynamic and depends on the specific Equipment Category as defined in the Maintenance Matrix.
## 2.5.3 After the maintenance period is completed, the status transitions to 'Available'.

## 2.6 Rent Cancellation
## 2.6.1 The system shall allow users to cancel rent records that are in Requested status.
## 2.6.2 (REVISED) The system shall allow authorized users to cancel rent records that are in Approved or Active status.
## 2.6.3 The system shall update the rent status to Cancelled when a rent is cancelled.
## 2.6.4 The system shall prevent cancellation of rent records that are already Completed or Cancelled.

## 2.7 Rent Modification Rules
## 2.7.1 The system shall allow modification of rent records only when the rent status is Requested.
## 2.7.2 The system shall prevent modification of rent records that are in Approved, Active, Completed, Rejected, or Cancelled status, unless explicitly permitted.
## 2.7.3 The system shall validate all changes before saving modifications.

## 2

[18] source=44723706e3ff4356 type=SrcChunk hops=0 score=0.6826 chunk=44723706e3ff4356 doc=JIRA-Lifecycle.md rel=VECTOR_SIMILARITY
tem still applied a penalty fee. Based on earlier lifecycle guidance, there may have been a short tolerance window in which this kind of early cancellation should not have triggered the charge."",
  ""status"": ""New"",
  ""comments"": [
    {
      ""author"": ""Developer Dave"",
      ""timestamp"": ""2026-02-21T09:00:00Z"",
      ""text"": ""I checked the current cancellation rules and they still allow stopping an active rent, but I cannot find the earlier exemption language that would have waived the penalty in the initial operator tolerance window. It may have been removed, or it may simply be missing from the latest write-up.""
    },
    {
      ""author"": ""PM Peter"",
      ""timestamp"": ""2026-02-21T11:00:00Z"",
      ""text"": ""This needs confirmation. If the newer lifecycle material dropped that exception without an explicit decision, we need to determine whether that was intentional or a documentation gap.""
    }
  ]
}
]

[19] source=9437222564f7ac64 type=SrcChunk hops=0 score=0.6885 chunk=9437222564f7ac64 doc=JIRA-Item.md rel=VECTOR_SIMILARITY
tion"": ""Implement the immediate status change for items (Available/Unavailable). Ensure items marked Unavailable cannot be rented."",
    ""status"": ""In Progress"",
    ""comments"": [
      {
        ""author"": ""Developer Dave"",
        ""timestamp"": ""2026-02-22T10:00:00Z"",
        ""text"": ""Logic check: If an item is currently 'Active' in a rent record, can an admin still set it to 'Unavailable'? The specification says status changes take effect immediately.""
      }
    ]
  },
  {
    ""ticket_id"": ""JIRA-ITEM-305"",
    ""summary"": ""Item Deletion Logic (Soft Delete)"",
    ""description"": ""Implement deletion of items using a soft-delete approach instead of physical removal. Prevent deletion when the item is still referenced by active rental activity, and confirm how the business deletion outcome should map to the current technical status model."",
    ""status"": ""To Do"",
    ""comments"": [
      {
        ""author"": ""Backend Engineer Tomas"",
        ""timestamp"": ""2026-02-22T12:00:00Z"",
        ""text"": ""Terminology check: the deletion outcome described in the specification does not map cleanly to the status values currently supported in the database. I need confirmation whether deleted items shou

[20] source=2b468c2425caf512 type=SrcChunk hops=0 score=0.7017 chunk=2b468c2425caf512 doc=CONF-AUTH-01.md rel=VECTOR_SIMILARITY
ystem shall set the account status to Pending upon successful registration and before email verification.
## 1.4.4 The system shall set the account status to Active after successful email verification.
## 1.4.5 The system shall allow the system administrator to change the account status to Suspended.
## 1.4.6 The system shall prevent Suspended accounts from authenticating and accessing the platform.
## 1.4.7 The system shall allow the system administrator to reactivate Suspended accounts by setting the status to Active.
## 1.4.8 The system shall allow the system administrator to set the account status to Deleted.
## 1.4.9 The system shall prevent Deleted accounts from authenticating and accessing the platform.
## 1.4.10 The system shall retain account data for Deleted accounts according to the data retention policy.
## 1.4.11 The system shall ensure that account status changes take effect immediately.

## 1.5. Session Management
## 1.5.1 The system shall create an authenticated session upon successful user authentication.
## 1.5.2 The system shall associate each session with a specific user account.
## 1.5.3 The system shall allow authenticated users to access protected resources o

[21] source=9978dc0dcd43a512 type=SrcChunk hops=0 score=0.6891 chunk=9978dc0dcd43a512 doc=JIRA-Item.md rel=VECTOR_SIMILARITY
"": ""Terminology check: the deletion outcome described in the specification does not map cleanly to the status values currently supported in the database. I need confirmation whether deleted items should reuse a non-rentable status or whether this requires a separate lifecycle value.""
      }
    ]
  }
]

[22] source=a4a287abb143e79a type=SrcChunk hops=0 score=0.6878 chunk=a4a287abb143e79a doc=JIRA-Rewards.md rel=VECTOR_SIMILARITY
nal buffer before charges apply.""
      }
    ]
  },
  {
    ""ticket_id"": ""JIRA-REW-905"",
    ""summary"": ""Penalty Dispute Workflow"",
    ""description"": ""Implement penalty dispute submission and resolution so users can challenge penalty outcomes and authorized staff can record the final decision together with any resulting adjustment."",
    ""status"": ""To Do""
  },
  {
    ""ticket_id"": ""JIRA-REW-906"",
    ""summary"": ""Adjustment Audit Logging"",
    ""description"": ""Log loyalty and penalty adjustments in a way that preserves traceability, supports controlled review, and remains compatible with the platform's broader privacy and auditability expectations."",
    ""status"": ""In Progress"",
    ""comments"": [
      {
        ""author"": ""Developer Dave"",
        ""timestamp"": ""2026-03-17T09:00:00Z"",
        ""text"": ""Auditability note: the requirement expects user-linked traceability for adjustments, but we should confirm whether direct user-identifying values belong in the raw adjustment log or whether authorized reviewers should resolve identities through a controlled lookup path.""
      }
    ]
  }
]

[23] source=69182d61c773aadd type=SrcChunk hops=0 score=0.6833 chunk=69182d61c773aadd doc=CONF-AUTH-01.md rel=VECTOR_SIMILARITY
# 1.3.6. The system shall allow users to initiate a password reset process if they forget their password.
## 1.3.7. The system shall require the user to provide their registered email address to initiate the password reset process.
## 1.3.8. The system shall send a password reset email containing a unique, time-limited reset link to the user's registered email address.
## 1.3.9. The system shall validate the reset link before allowing the user to set a new password.
## 1.3.10. The system shall allow the user to set a new password only if the reset link is valid and has not expired.
## 1.3.11. The system shall invalidate the reset link after successful password reset.
## 1.3.12. The system shall invalidate all active sessions after a successful password change or reset.

## 1.4. Account Status Management
## 1.4.1 The system shall assign a status to each user account.
## 1.4.2 The system shall support the following account statuses: Pending, Active, Suspended, and Deleted.
## 1.4.3 The system shall set the account status to Pending upon successful registration and before email verification.
## 1.4.4 The system shall set the account status to Active after successful email verification

[24] source=e6716dab172b3183 type=SrcChunk hops=0 score=0.6763 chunk=e6716dab172b3183 doc=JIRA-Availability.md rel=VECTOR_SIMILARITY
: ""Maintenance Period Management"",
    ""description"": ""Implement maintenance windows for items, ensure those periods block rental activity, and make the item appear non-rentable while the maintenance window is in effect."",
    ""status"": ""In Progress"",
    ""comments"": [
      {
        ""author"": ""Tomas"",
        ""timestamp"": ""2026-02-24T10:00:00Z"",
        ""text"": ""Current implementation path uses the existing non-rentable status handling for maintenance-related periods as well. We should confirm whether the user interface needs to distinguish maintenance from other forms of temporary unavailability.""
      }
    ]
  },
  {
    ""ticket_id"": ""JIRA-AVAIL-405"",
    ""summary"": ""Real-time Status Sync"",
    ""description"": ""Ensure availability changes are applied immediately when relevant rental lifecycle events or availability controls are updated."",
    ""status"": ""To Do""
  }
]

[25] source=ebea956274025791 type=SrcChunk hops=0 score=0.6744 chunk=ebea956274025791 doc=JIRA-Payment.md rel=VECTOR_SIMILARITY
ctations for the total, but it does not fully spell out how edge-case fractions should be handled at each calculation stage. I started with a simplified approach for partial-unit handling, but this needs confirmation before we freeze the behavior.""
      },
      {
        ""author"": ""QA Marta"",
        ""timestamp"": ""2026-03-01T14:00:00Z"",
        ""text"": ""Please verify the consistency of subtotal, tax, and final amount handling. A display-friendly simplification in one layer can still produce visible mismatches later if the stored and presented totals are derived differently.""
      },
      {
        ""author"": ""Developer Dave"",
        ""timestamp"": ""2026-03-04T15:00:00Z"",
        ""text"": ""UI note: finance asked for cleaner presentation in one of the pilot currency scenarios, so I explored a more compact display format there while keeping more precise values in the underlying records. We need confirmation that the user-facing total must always match the persisted billing amount exactly.""
      }
    ]
  },
  {
    ""ticket_id"": ""JIRA-PAY-603"",
    ""summary"": ""Invoice Generation Engine"",
    ""description"": ""Generate invoices for billable rental outcomes, assign stable invoice identif

[26] source=0013387e34dddff9 type=SrcChunk hops=0 score=0.6728 chunk=0013387e34dddff9 doc=TOOLCHAIN-CONF-RENTABLE-ITEM-01.md rel=VECTOR_SIMILARITY
ity status changes take effect immediately.

## 3.4 Item Deletion
## 3.4.1 The system shall allow authorized users to delete items.
## 3.4.2 The system shall prevent deletion of items that have Active rent records.
## 3.4.3 The system shall mark deleted items as Inactive instead of permanently removing them, unless explicitly configured otherwise.

## 3.5 Item Access Control
## 3.5.1 The system shall allow all authenticated users to view available items.
## 3.5.2 The system shall restrict item creation, modification, and deletion to authorized users.

[27] source=e633209b9a702ede type=SrcChunk hops=0 score=0.6724 chunk=e633209b9a702ede doc=CONF-AUTH-01.md rel=VECTOR_SIMILARITY
ion link.
## 1.1.8. Upon successful activation, the system shall update the account status to Active.
## 1.1.9. The system shall not allow authentication or platform access for accounts that are not in Active status.

## 1.2. User Authentication and Login
## 1.2.1. The system shall allow access to the platform only for authenticated users with an account status of Active.
## 1.2.2. The system shall require the user to provide their registered email address and password in order to authenticate.
## 1.2.3. The system shall validate the provided credentials against the stored account data.
## 1.2.4. If the provided credentials are valid and the account status is Active, the system shall authenticate the user and grant access to the platform.
## 1.2.5. If the provided credentials are invalid, the system shall deny access and display an appropriate error message.
## 1.2.6. The system shall deny authentication if the account status is not Active, including but not limited to Pending, Suspended, or Deleted statuses.
## 1.2.7. Upon successful authentication, the system shall create an authenticated session associated with the user.
## 1.2.8. The system shall maintain the authenticated sess

[28] source=56489466fbfffbaa type=SrcChunk hops=0 score=0.6705 chunk=56489466fbfffbaa doc=JIRA-Auth.md rel=VECTOR_SIMILARITY
The system shall not allow authentication or platform access for accounts that are not in Active status (e.g., Pending, Suspended, Deleted)."",
    ""comments"": []
  },
  {
    ""ticket_id"": ""JIRA-Auth-110"",
    ""summary"": ""Activation token - Enforce single-use"",
    ""description"": ""Activation tokens shall be single-use. After a successful activation, the system shall invalidate the activation token immediately to prevent reuse."",
    ""comments"": []
  },
  {
    ""ticket_id"": ""JIRA-Auth-111"",
    ""summary"": ""Support registration for multiple users sharing the same email address"",
    ""description"": ""In some use cases (e.g. family accounts or shared organizational email addresses), multiple users may attempt to register using the same email address. Instead of enforcing strict email uniqueness, we may allow multiple accountsto share the same email if another identifier (such as phone number) is unique. This would require adjusting the registration validation logic."",
    ""comments"": [
      {
        ""author"": ""QA Engineer Marta"",
        ""timestamp"": ""2026-02-16T10:41:00Z"",
        ""text"": ""This contradicts the SRS requirement that email must be unique. Please confirm expected behavior

[29] source=d1f9814887e95dcd type=SrcChunk hops=0 score=0.6699 chunk=d1f9814887e95dcd doc=JIRA-Auth.md rel=VECTOR_SIMILARITY
n - Send confirmation email with activation link"",
    ""description"": ""After successful registration, the system shall send an account activation email to the provided email address. The email shall contain a unique activation link."",
    ""comments"": [
      {
        ""author"": ""Security Engineer Viktor"",
        ""timestamp"": ""2026-02-15T13:40:00Z"",
        ""text"": ""Activation tokens must be cryptographically secure and time-limited. If stored, store hashed tokens.""
      }
    ]
  },
  {
    ""ticket_id"": ""JIRA-Auth-106"",
    ""summary"": ""Activation - Validate activation link and activate account"",
    ""description"": ""Implement activation flow. The system shall validate the activation link/token. If valid, the system shall update the account status from Pending to Active and allow platform access."",
    ""comments"": []
  },
  {
    ""ticket_id"": ""JIRA-Auth-107"",
    ""summary"": ""Activation - Reject invalid or expired tokens"",
    ""description"": ""The system shall reject activation requests that use invalid or expired activation tokens and show an appropriate error state."",
    ""comments"": []
  },
  {
  ""ticket_id"": ""JIRA-Auth-108"",
  ""summary"": ""Registration - Security hardening: Preven

[30] source=cb19aeaad55d5a74 type=SrcChunk hops=0 score=0.6644 chunk=cb19aeaad55d5a74 doc=JIRA-Rewards.md rel=VECTOR_SIMILARITY
[
  {
    ""ticket_id"": ""JIRA-REW-901"",
    ""summary"": ""Loyalty Points Accrual Logic"",
    ""description"": ""Implement loyalty point accrual for completed and successfully settled rental activity, and ensure awarded points are applied to the user account according to the configurable reward policy."",
    ""status"": ""In Progress"",
    ""comments"": [
      {
        ""author"": ""Developer Dave"",
        ""timestamp"": ""2026-03-15T10:00:00Z"",
        ""text"": ""Implementation note: the specification refers to configurable business rules for point awards, but the exact reward formula is not yet finalized. I need confirmation on whether beta should use a temporary default rule or wait for the configurable policy source.""
      }
    ]
  },
  {
    ""ticket_id"": ""JIRA-REW-902"",
    ""summary"": ""Points Redemption and Discount Handling"",
    ""description"": ""Allow loyalty point redemption during billing, validate that the user has sufficient balance, and ensure redemption is recorded consistently together with the related financial outcome."",
    ""status"": ""To Do""
  },
  {
    ""ticket_id"": ""JIRA-REW-903"",
    ""summary"": ""Loyalty Tier Automation"",
    ""description"": ""Implement configurable loyalty tier a

[31] source=22d80e39745d1186 type=SrcChunk hops=0 score=0.6637 chunk=22d80e39745d1186 doc=JIRA-Reporting.md rel=VECTOR_SIMILARITY
 truth to avoid mismatches between invoices and exported summaries.""
      }
    ]
  },
  {
    ""ticket_id"": ""JIRA-REP-703"",
    ""summary"": ""User Activity and Audit Logging"",
    ""description"": ""Implement user activity reporting and audit logging for critical system events, while preserving traceability and staying aligned with privacy constraints around what user-related data may appear in logs and operational views."",
    ""status"": ""In Progress"",
    ""comments"": [
      {
        ""author"": ""Developer Dave"",
        ""timestamp"": ""2026-03-07T08:30:00Z"",
        ""text"": ""Privacy note: the specification expects user-linked auditability, but the current compliance direction discourages exposing directly identifiable personal details in raw logs. I need confirmation on whether administrators should read these records through a controlled lookup layer rather than from the stored log entries alone.""
      }
    ]
  },
  {
    ""ticket_id"": ""JIRA-REP-704"",
    ""summary"": ""Audit Log Integrity"",
    ""description"": ""Ensure audit entries remain protected against unauthorized change or removal, and that the storage approach supports the integrity guarantees defined in the reporting and audit sp

[32] source=1d3d27d1a24b72f0 type=SrcChunk hops=0 score=0.6614 chunk=1d3d27d1a24b72f0 doc=JIRA-Auth.md rel=VECTOR_SIMILARITY
that use invalid or expired activation tokens and show an appropriate error state."",
    ""comments"": []
  },
  {
  ""ticket_id"": ""JIRA-Auth-108"",
  ""summary"": ""Registration - Security hardening: Prevent email enumeration"",
  ""description"": ""To prevent attackers from discovering registered users, the registration flow must use generic responses. \n\nRequirement:\nIf a user tries to register with an email address that is already in use, the system MUST NOT display an error message stating 'Email already exists'. \nInstead, it should display a generic message: 'If this email is valid, a message has been sent to it.'"",
  ""comments"": [
    {
      ""author"": ""Security Engineer Viktor"",
      ""timestamp"": ""2026-02-16T10:00:00Z"",
      ""text"": ""This is critical for OWA (OWASP) compliance. We cannot leak user existence through the registration form.""
    }
  ]
},
  {
    ""ticket_id"": ""JIRA-Auth-109"",
    ""summary"": ""Authentication gate - Block login for non-Active accounts"",
    ""description"": ""The system shall not allow authentication or platform access for accounts that are not in Active status (e.g., Pending, Suspended, Deleted)."",
    ""comments"": []
  },
  {
    ""ticket_id"": ""JIRA-Auth-1

[33] source=8f047482d7206346 type=SrcChunk hops=0 score=0.6589 chunk=8f047482d7206346 doc=JIRA-Availability.md rel=VECTOR_SIMILARITY
op the endpoint for checking whether an item can be rented within a requested period, ensuring the response reflects the latest rental and item-state information at query time."",
    ""status"": ""In Progress"",
    ""comments"": [
      {
        ""author"": ""QA Marta"",
        ""timestamp"": ""2026-02-23T11:00:00Z"",
        ""text"": ""Found an ambiguity in query results after the recent item-management changes. Records that are no longer operationally valid are being surfaced through the same availability wording used for temporarily blocked items, which may mislead users about whether the item is recoverable or simply not rentable at the moment.""
      }
    ]
  },
  {
    ""ticket_id"": ""JIRA-AVAIL-403"",
    ""summary"": ""Manual Availability Restrictions"",
    ""description"": ""Allow authorized users to define manual non-rentable periods and ensure those restrictions take precedence over otherwise rentable time windows."",
    ""status"": ""To Do""
  },
  {
    ""ticket_id"": ""JIRA-AVAIL-404"",
    ""summary"": ""Maintenance Period Management"",
    ""description"": ""Implement maintenance windows for items, ensure those periods block rental activity, and make the item appear non-rentable while the maintenance 

[34] source=39e8811963c4099a type=SrcChunk hops=0 score=0.6505 chunk=39e8811963c4099a doc=TOOLCHAIN-CONF-RENT-01.md rel=VECTOR_SIMILARITY
Approved status.

## 2.5 Rent Completion
## 2.5.1 The system shall update the rent status to Completed when the rental end date is reached.
## 2.5.2 The system shall allow authorized users to manually complete a rent.
## 2.5.3 The system shall prevent completion of rent records that are not in Active status.

## 2.6 Rent Cancellation
## 2.6.1 The system shall allow users to cancel rent records that are in Requested status.
## 2.6.2 The system shall allow authorized users to cancel rent records that are in Approved or Active status.
## 2.6.3 The system shall update the rent status to Cancelled when a rent is cancelled.
## 2.6.4 The system shall prevent cancellation of rent records that are already Completed or Cancelled.

## 2.7 Rent Modification Rules
## 2.7.1 The system shall allow modification of rent records only when the rent status is Requested.
## 2.7.2 The system shall prevent modification of rent records that are in Approved, Active, Completed, Rejected, or Cancelled status, unless explicitly permitted.
## 2.7.3 The system shall validate all changes before saving modifications.

## 2.8 Rent History and Audit
## 2.8.1 The system shall maintain the full lifecycle history of e

[35] source=c9549ababe52be5f type=SrcChunk hops=0 score=0.6472 chunk=c9549ababe52be5f doc=EMAIL_DATA_Internal_Audit_Discrepancy.txt rel=VECTOR_SIMILARITY
From: internal_audit@toolchain.com
Date: 2026-03-08 14:00
Subject: Review findings on reporting consistency

Hi Dev Team,

During our recent reporting review, we found several consistency issues that need clarification before the reporting package can be considered reliable for audit use.

First, the financial outputs do not appear to align cleanly across all billing contexts. In some cases, the figures shown in reports, exported files, and billing records seem to reflect different presentation or calculation assumptions.

Second, the activity and audit views currently favor a privacy-preserving identifier style that makes operational review harder for non-technical auditors. We need to confirm whether this is the intended audit model, or whether authorized reviewers should have access to a controlled identity-resolution path.

Third, exported reporting artifacts do not always appear to match the same underlying interpretation used elsewhere in the platform, which raises a broader question about which data representation should be treated as authoritative for audit purposes.

Please review and confirm the intended source-of-truth model for report generation, export, and audit visib

[36] source=66d61fc1f995d676 type=SrcChunk hops=0 score=0.7355 chunk=66d61fc1f995d676 doc=JIRA-Auth.md rel=VECTOR_SIMILARITY
 {
        ""author"": ""QA Engineer Marta"",
        ""timestamp"": ""2026-02-16T10:41:00Z"",
        ""text"": ""This contradicts the SRS requirement that email must be unique. Please confirm expected behavior.""
      }
    ]
  },
  {
  ""ticket_id"": ""JIRA-Auth-112"",
  ""summary"": ""Registration - Auto-cleanup for unactivated accounts and Data Retention"",
  ""description"": ""To comply with data minimization principles, the system shall automatically delete any user account that remains in 'Pending' status for more than 30 days. All associated personal data must be removed, except for minimal audit logs required by the retention policy."",
  ""comments"": [
    {
      ""author"": ""PM Peter"",
      ""timestamp"": ""2026-02-16T12:05:00Z"",
      ""text"": ""This is an enhancement beyond the initial SRS but aligns with GDPR data minimization.""
    },
    {
      ""author"": ""QA Engineer Marta"",
      ""timestamp"": ""2026-02-16T13:45:00Z"",
      ""text"": ""Logic Gap: If we delete the account after 30 days, what happens to the activation link sent in CONF-AUTH-01 1.5? The link has no expiry in the docs. We need to ensure the link doesn't trigger a 500 error on a non-existent account.""
    },
    {
      ""author"": ""Sec

[37] source=2fb79f7446b24909 type=SrcChunk hops=0 score=0.7124 chunk=2fb79f7446b24909 doc=JIRA-Auth.md rel=VECTOR_SIMILARITY
o the activation link sent in CONF-AUTH-01 1.5? The link has no expiry in the docs. We need to ensure the link doesn't trigger a 500 error on a non-existent account.""
    },
    {
      ""author"": ""Security Engineer Viktor"",
      ""timestamp"": ""2026-02-17T10:10:00Z"",
      ""text"": ""Clarification Needed: When a user manually requests account deletion, should it be immediate, or do we provide a 14-day 'grace period' for recovery before the permanent wipe?""
    }
  ]
},
  {
    ""ticket_id"": ""JIRA-Auth-113"",
    ""summary"": ""Registration - Password policy enforcement"",
    ""description"": ""Enforce password policy rules during registration and prevent weak passwords."",
    ""comments"": [
      {
        ""author"": ""Security Engineer Viktor"",
        ""timestamp"": ""2026-02-16T13:12:00Z"",
        ""text"": ""Missing details: minimum length, complexity requirements, common password blacklist, and whether passphrases are allowed.""
      }
    ],
    ""attachments"": [""EMAIL_CTO_Security_Update.txt""]
  },
{
  ""ticket_id"": ""JIRA-Auth-114"",
  ""summary"": ""Allow registration without phone number"",
  ""description"": ""Some users are reluctant to provide their phone number during registration. Consider making 

[38] source=854f7de27dc6118d type=SrcChunk hops=0 score=0.6732 chunk=854f7de27dc6118d doc=JIRA-Payment.md rel=VECTOR_SIMILARITY
.""
      }
    ]
  },
  {
    ""ticket_id"": ""JIRA-PAY-603"",
    ""summary"": ""Invoice Generation Engine"",
    ""description"": ""Generate invoices for billable rental outcomes, assign stable invoice identifiers, and store the invoice content together with the relevant rental and pricing details."",
    ""status"": ""To Do""
  },
  {
    ""ticket_id"": ""JIRA-PAY-604"",
    ""summary"": ""Payment Processing Integration"",
    ""description"": ""Implement payment handling, including payment-state tracking and linkage between payment, invoice, and rental records. Clarify how unsuccessful payment outcomes should affect downstream rental and availability behavior."",
    ""status"": ""In Progress"",
    ""comments"": [
      {
        ""author"": ""Tomas"",
        ""timestamp"": ""2026-03-02T09:00:00Z"",
        ""text"": ""There is a cross-module ambiguity here: when a payment attempt does not complete successfully, I do not yet know whether the related rental should remain operationally blocked, return to normal availability, or wait for a separate business decision.""
      }
    ]
  },
  {
    ""ticket_id"": ""JIRA-PAY-605"",
    ""summary"": ""Duplicate Payment Prevention"",
    ""description"": ""Implement idempotent payment prote

[39] source=dbdfe9579474ba43 type=SrcChunk hops=0 score=0.6702 chunk=dbdfe9579474ba43 doc=JIRA-Auth.md rel=VECTOR_SIMILARITY
be validated during registration?""
    },
    {
      ""author"": ""Developer Dave"",
      ""timestamp"": ""2026-02-15T11:05:00Z"",
      ""text"": ""Yes, we will accept common separators and normalize phone numbers to E.164 format.""
    },
    {
      ""author"": ""Backend Engineer Tomas"",
      ""timestamp"": ""2026-02-15T11:42:00Z"",
      ""text"": ""Yes, email format must be validated. The email must follow standard format: local-part@domain. The local part may contain letters, numbers, dots, hyphens, and underscores. The domain must contain at least one dot and valid domain name characters. Example of valid format: user.name@example.com""
    }
  ]
},
  {
    ""ticket_id"": ""JIRA-Auth-104"",
    ""summary"": ""Registration - Create Pending account after successful submission"",
    ""description"": ""Upon successful submission of the registration form, the system shall create a new user account with status set to Pending."",
    ""comments"": []
  },
  {
    ""ticket_id"": ""JIRA-Auth-105"",
    ""summary"": ""Activation - Send confirmation email with activation link"",
    ""description"": ""After successful registration, the system shall send an account activation email to the provided email address. The email shall c

[40] source=0374b1fefbab130e type=SrcChunk hops=0 score=0.6610 chunk=0374b1fefbab130e doc=JIRA-Payment.md rel=VECTOR_SIMILARITY
PAY-608"",
    ""summary"": ""Billing Access Control"",
    ""description"": ""Implement access control rules for billing records so users can view only their own financial history while authorized roles can review broader payment and invoice data."",
    ""status"": ""Closed""
  }
]

[41] source=7306d641eb9b0bb2 type=SrcChunk hops=0 score=0.6546 chunk=7306d641eb9b0bb2 doc=EMAIL_FINANCE_MultiCurrency_HACK.txt rel=VECTOR_SIMILARITY
cial records.

Best,
Finance Dept.

[42] source=2f105702c1c1c3f3 type=SrcChunk hops=0 score=0.6532 chunk=2f105702c1c1c3f3 doc=JIRA-Auth.md rel=VECTOR_SIMILARITY
t: Clear error messages"",
  ""description"": ""Our support team reports that users are confused by generic messages. We need to provide clear, actionable feedback during registration.\n\nRequirement:\nIf an email address is already registered, the system should clearly state: 'This email address is already registered. Please log in or reset your password.'"",
  ""comments"": [
    {
      ""author"": ""UX Writer Nora"",
      ""timestamp"": ""2026-02-17T09:30:00Z"",
      ""text"": ""Generic messages lead to high drop-off rates. Users think the system is broken if they don't get a specific reason for failure.""
    }
  ]
},
{
  ""ticket_id"": ""JIRA-Auth-116"",
  ""summary"": ""Initial login implementation without MFA"",
  ""description"": ""The first implementation of the login endpoint will support email and password authentication only. Multi-factor authentication (MFA) is part of the security roadmap, but will not be implemented in this sprint. Future iterations should extend the authentication flow to support a second factor when enabled."",
  ""comments"": [
    {
      ""author"": ""Developer Dave"",
      ""timestamp"": ""2026-02-18T10:00:00Z"",
      ""text"": ""Login logic is ready. MFA is not part of this sprint,

[43] source=e6fe5b64787f87a6 type=SrcChunk hops=0 score=0.6528 chunk=e6fe5b64787f87a6 doc=TOOLCHAIN-CONF-REWARDS&PANELTIES-01.md rel=VECTOR_SIMILARITY
ll allow users to submit disputes for penalties.
## 9.6.2 The system shall store dispute status including Open, Under Review, Approved, and Rejected.
## 9.6.3 The system shall allow authorized users to resolve disputes.
## 9.6.4 The system shall update penalty records based on dispute outcome.

## 9.7 Adjustment Integrity and Audit
## 9.7.1 The system shall log loyalty and penalty transactions.
## 9.7.2 The system shall store timestamp, user identifier, and adjustment details.
## 9.7.3 The system shall prevent unauthorized modification of loyalty or penalty records.
## 9.7.4 The system shall maintain complete adjustment history.

[44] source=1da852dd7949b438 type=SrcChunk hops=0 score=0.6505 chunk=1da852dd7949b438 doc=TOOLCHAIN-CONF-REPORTING-01.md rel=VECTOR_SIMILARITY
 users to generate reports of user activity.
## 7.3.2 The system shall include rent creation, modification, cancellation, and payment activity in user reports.
## 7.3.3 The system shall allow filtering user activity reports by user identifier.

## 7.4 Audit Logging
## 7.4.1 The system shall record audit logs for critical system events.
## 7.4.2 The system shall log rent lifecycle events.
## 7.4.3 The system shall log item management events.
## 7.4.4 The system shall log payment and billing events.
## 7.4.5 The system shall log authentication and authorization events.

## 7.5 Audit Log Content
## 7.5.1 The system shall include timestamp in audit log entries.
## 7.5.2 The system shall include user identifier in audit log entries.
## 7.5.3 The system shall include event type in audit log entries.
## 7.5.4 The system shall include event outcome in audit log entries.

## 7.6 Audit Log Integrity
## 7.6.1 The system shall ensure audit logs cannot be modified.
## 7.6.2 The system shall ensure audit logs cannot be deleted by unauthorized users.
## 7.6.3 The system shall ensure audit logs are securely stored.

## 7.7 Report Export
## 7.7.1 The system shall allow authorized users to export re

[45] source=beb42617cfc95144 type=SrcChunk hops=0 score=0.6476 chunk=beb42617cfc95144 doc=JIRA-Delivery-Control.md rel=VECTOR_SIMILARITY
arta"",
        ""timestamp"": ""2026-03-10T11:30:00Z"",
        ""text"": ""Please confirm how unsupported edge windows should appear in the user flow. There is a difference between a slot that is structurally outside delivery hours and one that is technically valid but already unavailable.""
      }
    ]
  },
  {
    ""ticket_id"": ""JIRA-DEL-803"",
    ""summary"": ""Delivery Status Lifecycle"",
    ""description"": ""Implement the delivery lifecycle flow and ensure the system can track operational delivery progress while keeping users informed when delivery state changes occur."",
    ""status"": ""Closed"",
    ""comments"": [
      {
        ""author"": ""Backend Engineer Tomas"",
        ""timestamp"": ""2026-03-11T09:20:00Z"",
        ""text"": ""The operational status progression is implemented, but we should confirm whether all internal delivery transitions are meant to be exposed directly to users or whether some should remain back-office only.""
      }
    ]
  },
  {
    ""ticket_id"": ""JIRA-DEL-804"",
    ""summary"": ""Delivery Fee Calculation"",
    ""description"": ""Implement delivery fee calculation according to the configured logistics rules and ensure applicable delivery charges flow into billing in a consis

[46] source=1531165a3c8df366 type=SrcChunk hops=0 score=0.6458 chunk=1531165a3c8df366 doc=JIRA-Notifications.md rel=VECTOR_SIMILARITY
imestamp"": ""2026-02-25T14:00:00Z"",
        ""text"": ""Please confirm which identifier wording should appear in outbound messages. The specification and the warehouse-facing screens do not use exactly the same term, and I want to avoid sending emails that confuse end users.""
      }
    ]
  },
  {
    ""ticket_id"": ""JIRA-NOTIF-506"",
    ""summary"": ""User Notification Preferences"",
    ""description"": ""Allow users to manage notification preferences by category, while clarifying whether any event classes are considered business-critical and therefore not fully optional."",
    ""status"": ""In Progress"",
    ""comments"": [
      {
        ""author"": ""Developer Dave"",
        ""timestamp"": ""2026-02-26T10:00:00Z"",
        ""text"": ""There is a policy ambiguity here: product preference settings suggest broad user control, but management feedback indicates that some approval-related messages may need to remain non-optional. I need confirmation before deciding whether these events should bypass normal preference filtering.""
      }
    ]
  },
  {
    ""ticket_id"": ""JIRA-NOTIF-507"",
    ""summary"": ""Notification Event Logging"",
    ""description"": ""Log notification generation and delivery outcomes so author

[47] source=9694bf5bcf380db0 type=SrcChunk hops=0 score=0.6869 chunk=9694bf5bcf380db0 doc=JIRA-Payment.md rel=VECTOR_SIMILARITY
or wait for a separate business decision.""
      }
    ]
  },
  {
    ""ticket_id"": ""JIRA-PAY-605"",
    ""summary"": ""Duplicate Payment Prevention"",
    ""description"": ""Implement idempotent payment protection so the same invoice cannot be settled multiple times through repeated requests or retries."",
    ""status"": ""To Do""
  },
  {
    ""ticket_id"": ""JIRA-PAY-606"",
    ""summary"": ""Refund Management Logic"",
    ""description"": ""Support authorized refund handling while preserving traceability to the original payment and ensuring the refunded amount remains within the permitted financial boundary."",
    ""status"": ""To Do""
  },
  {
    ""ticket_id"": ""JIRA-PAY-607"",
    ""summary"": ""Billing History and Immutability"",
    ""description"": ""Implement billing history access and preserve the immutability expectations of completed financial records so users and administrators can review prior invoices and payments without altering finalized outcomes."",
    ""status"": ""To Do""
  },
  {
    ""ticket_id"": ""JIRA-PAY-608"",
    ""summary"": ""Billing Access Control"",
    ""description"": ""Implement access control rules for billing records so users can view only their own financial history while authorized roles can ","Generated 10 executable Gherkin tests for R6 (Pending-account cleanup). Tests cover the core requirement of automatic deletion of Pending accounts after 30 days, account lifecycle transitions, data removal compliance, and exception scenarios around manual deletion grace periods and activation link behavior post-cleanup. Tests are grounded in operative context from PRIMARY evidence E1 and E4, with supporting lifecycle context from E2, E5, E15, E20, and known issue references E13, E14.",System shall automatically delete any user account that remains in Pending status for more than 30 days || ystem shall set the account status to Pending upon successful registration and before email verification. || Account status changes take effect immediately,Manual account deletion may require a 14-day grace period for recovery before permanent wipe (unconfirmed) || Activation links have no documented expiry and may trigger errors on non-existent accounts after cleanup,,,E1|E2|E4|E5|E13|E14|E15|E20,"R6 targets pending-account cleanup. PRIMARY evidence E1 and E4 establish the core requirement: automatic deletion of Pending accounts after 30 days with removal of associated personal data except audit logs (GDPR data minimization). E2, E5, E15, E20 provide account lifecycle context showing Pending status is set upon registration and blocks authentication. E13 and E14 identify the activation expiry/pending cleanup gap as a known issue. E4 raises unresolved questions about manual deletion grace periods and activation link behavior post-cleanup. The 30-day automatic cleanup rule is clearly stated in PRIMARY evidence and should be operative. However, the interaction with activation links (no expiry documented) and manual deletion procedures (grace period unconfirmed) remain gaps that affect test design. Filtered abstract or low-relevance operative statements: All associated personal data must be removed upon automatic deletion, except for minimal audit logs required by retention policy | Pending accounts are created upon successful registration before email verification | Pending accounts cannot authenticate or access the platform",1,0,0,0
